1.00	297.00	159.00	48.00	80.00	
2.00	296.90	162.01	48.04	80.06	
3.00	297.21	164.50	48.13	80.22	
4.00	298.04	167.39	48.26	80.44	
5.00	299.35	170.68	49.00	80.00	
6.00	300.70	174.57	49.40	80.65	
7.00	302.79	177.91	49.51	80.84	
8.00	305.46	180.53	49.67	81.09	
9.00	305.46	180.53	49.67	81.09	
10.00	306.47	181.25	50.00	81.00	
11.00	308.71	181.15	50.99	82.61	
12.00	308.80	180.38	51.15	82.86	
13.00	308.12	180.01	51.26	83.05	
14.00	306.52	179.47	51.50	83.43	
15.00	304.29	179.05	52.00	84.00	
16.00	301.69	179.39	52.90	85.45	
17.00	299.15	180.04	52.86	85.39	
18.00	296.84	180.37	53.13	85.82	
19.00	295.14	180.14	53.46	86.36	
20.00	293.46	179.25	56.00	89.00	
21.00	290.58	178.29	57.03	90.64	
22.00	287.26	177.44	57.02	90.61	
23.00	283.33	176.95	56.96	90.53	
24.00	279.21	177.01	56.80	90.26	
25.00	275.59	177.29	56.00	91.00	
26.00	274.97	178.11	56.50	91.81	
27.00	276.89	180.06	56.68	92.11	
28.00	281.89	182.53	57.00	92.62	
29.00	289.44	185.45	57.34	93.17	
30.00	298.92	189.23	59.00	96.00	
31.00	308.15	193.11	60.03	97.68	
32.00	317.33	197.72	59.85	97.38	
33.00	317.33	197.72	59.85	97.38	
34.00	317.33	197.72	59.85	97.38	
35.00	317.33	197.72	59.85	97.38	
36.00	317.33	197.72	59.85	97.38	
37.00	317.33	197.72	59.85	97.38	
38.00	317.33	197.72	59.85	97.38	
39.00	249.46	203.18	59.97	97.59	
40.00	204.32	192.79	60.18	97.92	
41.00	204.32	192.79	60.18	97.92	
42.00	204.32	192.79	60.18	97.92	
43.00	242.24	215.70	60.20	97.96	
44.00	241.00	209.68	60.17	97.90	
45.00	228.97	197.75	59.94	97.53	
46.00	221.03	186.95	59.92	97.50	
47.00	221.64	178.69	59.67	97.09	
48.00	229.27	172.34	59.00	96.00	
49.00	237.12	167.43	59.18	96.29	
50.00	248.78	165.57	59.00	96.00	
51.00	260.95	165.23	59.48	96.77	
52.00	274.43	165.75	59.69	97.13	
53.00	287.63	165.78	59.97	97.58	
54.00	299.91	165.03	60.43	98.33	
55.00	310.82	163.28	61.00	100.00	
56.00	322.81	161.39	62.49	102.45	
57.00	335.55	159.63	62.52	102.50	
58.00	349.47	158.99	62.61	102.64	
59.00	364.43	159.97	62.80	102.95	
60.00	379.23	163.35	62.96	103.22	
61.00	379.23	163.35	62.96	103.22	
62.00	379.23	163.35	62.96	103.22	
63.00	379.23	163.35	62.96	103.22	
64.00	433.63	192.76	63.29	103.75	
65.00	429.99	197.84	63.41	103.96	
66.00	414.11	200.85	63.48	104.07	
67.00	395.24	201.55	63.63	104.31	
68.00	376.00	201.53	63.65	104.34	
69.00	358.18	200.77	63.51	104.11	
70.00	342.83	200.74	62.77	102.90	
71.00	329.83	201.03	61.98	101.60	
72.00	329.83	201.03	61.98	101.60	
73.00	299.13	171.68	61.99	101.62	
74.00	298.33	166.23	61.44	100.72	
75.00	293.87	165.54	61.42	100.69	
76.00	285.61	163.98	61.76	101.25	
77.00	277.52	161.10	63.00	104.00	
78.00	272.56	158.96	62.34	102.91	
79.00	266.74	155.64	61.93	102.23	
80.00	261.30	153.51	61.70	101.86	
81.00	257.42	152.95	61.41	101.38	
82.00	254.05	152.99	61.00	100.70	
83.00	251.12	153.31	60.59	100.02	
84.00	248.17	153.85	60.28	99.51	
85.00	246.88	155.07	59.86	98.82	
86.00	245.10	156.39	59.24	97.80	
87.00	241.00	155.77	58.85	97.15	
88.00	240.15	155.27	58.26	96.17	
89.00	246.48	153.76	56.97	94.05	
90.00	250.15	152.92	55.64	91.85	
91.00	247.93	152.03	54.74	90.37	
92.00	245.15	150.24	53.73	88.70	
93.00	242.74	148.73	53.01	87.50	
94.00	240.90	147.91	52.22	86.21	
95.00	247.66	161.32	52.05	85.92	
96.00	248.05	164.76	52.50	86.66	
97.00	245.69	164.34	52.82	87.20	
98.00	244.21	161.76	53.51	88.34	
99.00	242.81	162.00	54.00	89.00	
100.00	241.92	161.49	54.00	90.00	
101.00	240.79	160.93	53.57	89.28	
102.00	239.65	161.17	53.78	89.64	
103.00	238.08	161.06	53.98	89.96	
104.00	236.74	160.72	54.22	90.37	
105.00	236.96	161.60	54.00	90.00	
106.00	238.41	162.30	54.32	90.53	
107.00	241.21	162.26	54.71	91.18	
108.00	245.35	161.92	55.08	91.81	
109.00	245.35	161.92	55.08	91.81	
110.00	252.82	162.59	55.00	92.00	
111.00	258.36	162.45	55.99	93.65	
112.00	263.28	161.67	55.96	93.61	
113.00	263.28	161.67	55.96	93.61	
114.00	263.28	161.67	55.96	93.61	
115.00	269.93	161.90	56.00	94.00	
116.00	273.31	161.12	56.36	94.60	
117.00	276.06	159.81	56.29	94.48	
118.00	278.66	158.38	56.38	94.64	
119.00	281.12	157.40	56.59	94.99	
120.00	283.24	157.09	57.00	95.00	
121.00	284.86	156.04	57.27	95.45	
122.00	286.19	154.74	57.21	95.35	
123.00	286.72	152.61	57.29	95.49	
124.00	287.02	150.04	57.47	95.79	
125.00	287.30	147.68	57.64	96.06	
126.00	288.07	146.27	57.78	96.29	
127.00	288.07	146.27	57.78	96.29	
128.00	289.89	143.47	57.78	96.30	
129.00	288.97	140.29	57.74	96.24	
130.00	287.21	136.19	57.78	96.31	
131.00	285.09	131.82	57.92	96.53	
132.00	285.22	127.52	58.03	96.72	
133.00	285.15	124.03	58.07	96.79	
134.00	285.15	124.03	58.07	96.79	
135.00	285.15	124.03	58.07	96.79	
136.00	285.15	124.03	58.07	96.79	
137.00	285.15	124.03	58.07	96.79	
138.00	285.15	124.03	58.07	96.79	
139.00	285.15	124.03	58.07	96.79	
140.00	285.15	124.03	58.07	96.79	
141.00	285.15	124.03	58.07	96.79	
142.00	285.15	124.03	58.07	96.79	
143.00	285.15	124.03	58.07	96.79	
144.00	285.15	124.03	58.07	96.79	
145.00	285.15	124.03	58.07	96.79	
146.00	285.15	124.03	58.07	96.79	
147.00	285.15	124.03	58.07	96.79	
148.00	285.15	124.03	58.07	96.79	
149.00	282.19	121.26	58.21	97.02	
150.00	278.68	123.14	58.28	97.13	
151.00	276.00	126.12	58.19	96.98	
152.00	273.40	129.40	57.98	96.64	
153.00	269.97	131.79	58.05	96.75	
154.00	266.31	134.58	58.06	96.77	
155.00	264.20	137.02	58.19	96.98	
156.00	264.81	139.76	58.00	97.00	
157.00	267.50	143.48	58.33	97.56	
158.00	271.88	146.62	58.19	97.32	
159.00	277.36	150.75	58.13	97.22	
160.00	283.80	155.53	58.18	97.30	
161.00	283.80	155.53	58.18	97.30	
162.00	293.25	164.87	57.91	96.85	
163.00	300.40	170.35	57.34	95.90	
164.00	309.19	175.21	56.82	95.02	
165.00	319.84	179.85	56.37	94.27	
166.00	330.70	182.62	55.66	93.08	
167.00	343.28	182.18	55.34	92.54	
168.00	352.53	179.07	54.60	91.31	
169.00	358.74	173.85	53.95	90.23	
170.00	361.00	165.03	53.15	88.89	
171.00	360.17	154.89	52.47	87.75	
172.00	354.77	143.71	52.01	86.99	
173.00	347.36	133.68	51.72	86.49	
174.00	337.08	125.35	51.46	86.06	
175.00	323.03	119.64	51.39	85.95	
176.00	306.49	119.92	51.34	85.85	
177.00	289.53	126.09	51.22	85.66	
178.00	274.52	135.16	51.57	86.25	
179.00	263.90	147.70	51.48	86.09	
180.00	258.67	162.33	51.00	86.00	
181.00	255.34	175.08	49.19	82.94	
182.00	254.56	185.73	49.98	84.28	
183.00	256.74	194.54	50.37	84.94	
184.00	261.90	202.41	50.53	85.21	
185.00	269.24	209.73	50.53	85.20	
186.00	277.85	216.30	50.54	85.23	
187.00	287.40	220.10	50.43	85.03	
188.00	279.78	200.46	50.36	84.92	
189.00	241.45	210.76	50.72	85.53	
190.00	197.88	196.58	51.28	86.48	
191.00	192.72	190.41	51.96	87.62	
192.00	192.72	190.41	51.96	87.62	
193.00	192.72	190.41	51.96	87.62	
194.00	200.79	189.15	53.00	90.00	
195.00	200.87	188.68	53.00	90.00	
196.00	201.09	189.06	53.06	90.10	
197.00	201.06	189.09	52.97	89.95	
198.00	200.92	188.90	53.05	90.08	
199.00	200.95	189.00	52.97	89.95	
200.00	165.96	159.74	55.00	94.00	
201.00	164.24	158.90	55.41	94.71	
202.00	135.17	141.65	55.61	95.05	
203.00	125.69	137.02	55.90	95.54	
204.00	126.81	138.06	56.03	95.77	
205.00	129.28	140.02	57.00	97.00	
206.00	129.15	139.06	57.90	98.54	
207.00	128.55	138.91	57.97	98.65	
208.00	128.55	138.91	57.97	98.65	
209.00	118.97	136.20	58.30	99.21	
210.00	115.13	134.63	58.30	99.21	
211.00	114.96	133.20	58.43	99.43	
212.00	115.99	133.06	58.46	99.48	
213.00	117.27	133.74	59.00	100.00	
214.00	117.16	134.79	60.12	101.90	
215.00	116.85	132.52	60.00	101.00	
216.00	116.99	132.25	60.45	101.76	
217.00	117.06	132.60	60.24	101.40	
218.00	117.06	132.27	60.22	101.37	
219.00	117.07	132.51	60.13	101.21	
220.00	117.13	132.24	60.00	101.00	
221.00	116.98	131.41	60.04	101.07	
222.00	116.91	131.75	60.16	101.26	
223.00	116.93	132.46	60.17	101.28	
224.00	116.95	132.88	60.15	101.26	
225.00	116.83	131.86	60.00	101.00	
226.00	116.90	132.06	60.24	101.40	
227.00	116.95	132.36	60.32	101.54	
228.00	116.83	132.10	60.49	101.82	
229.00	116.56	132.30	60.72	102.22	
230.00	116.60	132.48	61.00	103.00	
231.00	116.92	131.98	61.58	103.97	
232.00	116.93	132.08	61.47	103.80	
233.00	116.96	131.74	61.33	103.57	
234.00	116.95	130.57	61.23	103.38	
235.00	117.04	130.52	61.00	103.00	
236.00	117.01	131.08	61.05	103.08	
237.00	116.99	131.05	61.02	103.03	
238.00	117.05	131.20	60.95	102.92	
239.00	117.00	130.86	60.96	102.93	
240.00	117.02	130.95	61.00	103.00	
241.00	116.93	130.98	60.99	102.98	
242.00	116.97	130.99	61.01	103.01	
243.00	117.03	130.73	60.95	102.92	
244.00	117.02	129.42	60.97	102.95	
245.00	117.02	129.10	61.00	103.00	
246.00	117.02	129.10	61.00	103.00	
247.00	116.97	129.16	60.99	102.99	
248.00	117.06	129.35	60.92	102.87	
249.00	117.07	129.45	60.88	102.79	
250.00	117.10	129.30	61.00	103.00	
251.00	116.99	128.56	61.04	103.06	
252.00	116.93	128.37	61.07	103.12	
253.00	116.90	127.97	61.18	103.30	
254.00	116.89	128.14	61.16	103.28	
255.00	116.92	128.21	61.00	103.00	
256.00	116.85	127.58	61.20	103.34	
257.00	116.78	127.39	61.29	103.48	
258.00	116.82	126.88	61.33	103.55	
259.00	116.79	126.67	61.41	103.69	
260.00	116.78	126.94	61.00	104.00	
261.00	116.90	127.32	61.36	104.62	
262.00	116.97	127.59	61.33	104.56	
263.00	116.92	126.85	61.36	104.61	
264.00	116.95	127.79	61.28	104.48	
265.00	116.92	128.37	61.00	105.00	
266.00	117.02	127.34	61.23	105.39	
267.00	116.97	127.63	61.17	105.30	
268.00	116.90	127.41	61.19	105.33	
269.00	116.91	127.74	61.21	105.35	
270.00	116.89	127.23	61.00	105.00	
271.00	116.98	127.56	61.12	105.20	
272.00	117.07	128.23	61.11	105.20	
273.00	117.05	128.62	61.07	105.11	
274.00	117.04	128.18	61.07	105.12	
275.00	117.07	128.79	61.00	105.00	
276.00	117.04	128.41	61.04	105.07	
277.00	117.03	128.83	61.00	105.00	
278.00	117.05	129.45	61.00	104.99	
279.00	117.11	129.76	60.99	104.98	
280.00	117.15	129.42	61.00	105.00	
281.00	117.15	129.42	61.00	105.00	
282.00	117.03	127.89	60.95	104.91	
283.00	117.04	128.65	60.96	104.93	
284.00	117.11	130.09	60.93	104.88	
285.00	117.10	130.67	61.00	105.00	
286.00	116.99	130.54	61.04	105.07	
287.00	117.02	131.52	61.05	105.09	
288.00	89.67	122.00	61.30	105.51	
289.00	75.74	117.17	61.63	106.09	
290.00	63.91	117.36	61.00	106.00	
291.00	60.81	118.40	61.31	106.54	
