1.00	138.00	111.00	51.00	36.00	
2.00	137.88	112.89	51.04	36.03	
3.00	137.98	114.65	51.15	36.10	
4.00	138.10	116.15	51.28	36.20	
5.00	138.04	117.38	51.00	37.00	
6.00	137.89	117.98	51.22	37.16	
7.00	137.69	118.50	51.15	37.11	
8.00	137.31	118.78	51.13	37.10	
9.00	137.14	118.74	51.16	37.11	
10.00	137.16	118.66	51.00	37.00	
11.00	137.16	118.66	51.00	37.00	
12.00	137.16	118.66	51.00	37.00	
13.00	135.92	118.98	51.00	37.00	
14.00	134.94	118.78	51.03	37.02	
15.00	134.59	118.47	51.00	37.00	
16.00	134.76	117.65	51.02	37.01	
17.00	134.87	117.04	51.03	37.02	
18.00	134.91	116.49	51.03	37.02	
19.00	134.81	115.92	50.99	37.00	
20.00	134.74	115.32	51.00	37.00	
21.00	134.95	114.42	50.98	36.98	
22.00	135.04	113.73	50.99	36.99	
23.00	135.13	113.15	51.00	37.00	
24.00	135.25	112.56	51.02	37.01	
25.00	135.45	111.94	51.00	37.00	
26.00	135.32	111.37	51.01	37.01	
27.00	135.43	110.80	50.99	36.99	
28.00	135.71	110.33	50.96	36.97	
29.00	136.27	109.79	50.94	36.96	
30.00	136.93	109.07	51.00	37.00	
31.00	137.47	108.22	51.09	37.06	
32.00	138.18	107.54	51.12	37.09	
33.00	138.93	107.16	51.16	37.12	
34.00	139.61	107.01	51.20	37.15	
35.00	140.00	106.99	51.00	37.00	
36.00	140.29	106.90	51.30	37.21	
37.00	141.37	106.58	51.32	37.24	
38.00	143.47	105.71	51.44	37.32	
39.00	145.71	104.65	51.56	37.41	
40.00	147.66	104.15	51.00	38.00	
41.00	150.40	103.86	51.47	38.35	
42.00	153.35	103.69	51.55	38.41	
43.00	156.03	103.70	51.71	38.53	
44.00	158.79	104.29	51.90	38.67	
45.00	161.18	105.28	52.00	39.00	
46.00	163.18	106.00	52.76	39.57	
47.00	164.97	107.02	52.77	39.58	
48.00	166.13	107.54	52.94	39.70	
49.00	167.41	106.85	53.22	39.92	
50.00	169.49	105.36	54.00	41.00	
51.00	170.93	103.28	54.87	41.66	
52.00	173.17	101.20	54.64	41.48	
53.00	175.49	99.36	54.59	41.45	
54.00	177.31	97.93	54.62	41.47	
55.00	178.54	96.84	54.00	41.00	
56.00	179.45	95.93	54.55	41.42	
57.00	179.93	94.66	54.46	41.35	
58.00	180.73	93.49	54.47	41.36	
59.00	181.63	92.95	54.53	41.40	
60.00	182.54	93.18	54.00	42.00	
61.00	183.65	93.44	54.41	42.32	
62.00	184.48	94.01	54.36	42.28	
63.00	185.06	94.52	54.35	42.27	
64.00	185.57	95.14	54.36	42.28	
65.00	185.81	95.73	54.00	42.00	
66.00	185.74	96.32	54.25	42.19	
67.00	185.20	96.70	54.15	42.12	
68.00	184.82	96.94	54.13	42.10	
69.00	185.08	97.13	54.12	42.09	
70.00	185.25	97.13	54.00	42.00	
71.00	184.92	97.03	54.03	42.02	
72.00	184.68	97.08	54.00	42.00	
73.00	184.38	97.11	53.96	41.97	
74.00	183.89	96.96	53.90	41.92	
75.00	183.07	96.83	54.00	42.00	
76.00	182.12	96.92	53.89	41.92	
77.00	181.17	97.11	53.91	41.93	
78.00	180.40	97.33	53.92	41.94	
79.00	179.62	97.28	53.93	41.94	
80.00	178.71	96.89	54.00	42.00	
81.00	177.98	96.64	53.90	41.92	
82.00	177.07	96.35	53.86	41.89	
83.00	176.02	96.02	53.80	41.84	
84.00	174.85	95.73	53.73	41.79	
85.00	173.71	95.60	53.00	41.00	
86.00	172.84	95.90	52.83	40.87	
87.00	171.78	95.95	52.88	40.91	
88.00	170.90	95.62	52.87	40.90	
89.00	170.41	94.82	52.83	40.87	
90.00	170.07	94.30	53.00	41.00	
91.00	169.07	94.24	52.90	40.92	
92.00	168.46	94.71	52.98	40.98	
93.00	168.24	95.42	52.98	40.99	
94.00	167.78	95.97	53.03	41.02	
95.00	167.00	96.28	53.00	42.00	
96.00	166.42	96.44	53.20	42.16	
97.00	165.96	96.88	53.31	42.25	
98.00	166.00	97.63	53.41	42.33	
99.00	166.00	97.63	53.41	42.33	
100.00	165.06	98.76	54.00	43.00	
101.00	164.79	98.93	54.21	43.17	
102.00	164.43	98.56	54.15	43.12	
103.00	164.16	97.93	54.11	43.09	
104.00	163.73	97.29	54.11	43.09	
105.00	163.30	96.98	54.00	43.00	
106.00	162.46	97.01	53.94	42.95	
107.00	161.95	97.41	53.92	42.93	
108.00	161.45	97.80	53.90	42.92	
109.00	161.17	98.04	53.91	42.93	
110.00	160.89	98.11	54.00	43.00	
111.00	160.59	98.19	54.02	43.02	
112.00	160.42	98.53	54.03	43.02	
113.00	160.10	98.98	54.07	43.06	
114.00	159.79	99.31	54.11	43.09	
115.00	159.55	98.75	54.00	43.00	
116.00	159.65	98.39	53.98	42.99	
117.00	159.66	97.64	53.83	42.87	
118.00	159.76	97.03	53.71	42.77	
119.00	159.90	96.67	53.60	42.68	
120.00	160.26	96.22	54.00	43.00	
121.00	160.26	95.32	53.70	42.76	
122.00	160.36	94.37	53.72	42.78	
123.00	160.55	93.30	53.69	42.75	
124.00	160.88	92.01	53.56	42.65	
125.00	161.03	90.63	53.00	42.00	
126.00	161.09	89.92	52.54	41.63	
127.00	160.97	88.80	52.57	41.66	
128.00	160.89	87.56	52.52	41.62	
129.00	160.93	86.47	52.44	41.55	
130.00	161.18	85.50	52.00	41.00	
131.00	161.52	85.03	51.58	40.67	
132.00	161.90	84.15	51.67	40.74	
133.00	162.30	83.25	51.71	40.77	
134.00	162.66	82.37	51.74	40.79	
135.00	163.00	81.81	52.00	40.00	
136.00	163.27	81.43	51.79	39.84	
137.00	163.60	80.93	51.77	39.82	
138.00	163.85	80.25	51.80	39.85	
139.00	164.07	79.59	51.80	39.84	
140.00	164.33	78.97	52.00	40.00	
141.00	164.38	78.45	51.83	39.87	
142.00	164.62	78.05	51.82	39.86	
143.00	164.90	77.52	51.81	39.86	
144.00	165.12	76.94	51.76	39.82	
145.00	165.28	76.51	52.00	39.00	
146.00	165.06	76.66	51.86	38.90	
147.00	165.04	76.50	51.82	38.87	
148.00	164.96	76.29	51.81	38.85	
149.00	164.82	76.18	51.83	38.87	
150.00	164.64	76.08	51.00	39.00	
151.00	164.79	75.91	50.92	38.94	
152.00	164.76	75.70	50.90	38.92	
153.00	164.69	75.31	50.79	38.84	
154.00	164.77	74.71	50.66	38.74	
155.00	165.03	74.00	51.00	39.00	
156.00	165.37	73.55	50.68	38.75	
157.00	165.61	73.33	50.70	38.77	
158.00	165.88	73.24	50.71	38.78	
159.00	166.35	73.18	50.76	38.81	
160.00	166.89	73.12	51.00	39.00	
161.00	166.89	73.12	51.00	39.00	
162.00	166.89	73.12	51.00	39.00	
163.00	166.89	73.12	51.00	39.00	
164.00	166.89	73.12	51.00	39.00	
165.00	167.35	72.57	51.00	39.00	
166.00	167.07	72.57	50.96	38.97	
167.00	166.98	72.62	50.95	38.96	
168.00	166.98	72.64	50.94	38.95	
169.00	167.00	72.64	50.94	38.95	
170.00	167.01	72.64	51.00	39.00	
171.00	167.01	72.64	51.00	39.00	
172.00	166.48	74.20	51.10	39.07	
173.00	166.12	76.17	51.23	39.18	
174.00	166.05	76.76	51.42	39.32	
175.00	166.03	76.25	53.00	40.00	
176.00	166.03	76.25	53.00	40.00	
177.00	165.51	77.04	53.08	40.06	
178.00	164.92	78.53	53.21	40.16	
179.00	164.63	79.36	53.37	40.28	
180.00	164.66	79.72	54.00	41.00	
181.00	164.66	79.72	54.00	41.00	
182.00	165.14	80.74	54.13	41.10	
183.00	165.31	81.85	54.24	41.19	
184.00	165.37	82.94	54.34	41.26	
185.00	165.34	83.90	55.00	41.00	
186.00	164.96	84.89	55.41	41.30	
187.00	165.04	86.13	55.39	41.29	
188.00	165.31	87.32	55.47	41.35	
189.00	165.49	88.41	55.58	41.44	
190.00	165.48	89.52	56.00	41.00	
191.00	165.16	91.15	56.40	41.29	
192.00	165.16	92.45	56.36	41.26	
193.00	165.21	93.69	56.46	41.34	
194.00	165.27	94.77	56.62	41.46	
195.00	165.30	95.59	57.00	41.00	
196.00	165.22	96.74	57.40	41.29	
197.00	165.29	97.48	57.31	41.22	
198.00	165.24	98.12	57.32	41.23	
199.00	165.16	98.83	57.36	41.26	
200.00	165.13	99.54	58.00	41.00	
201.00	165.07	100.76	58.23	41.16	
202.00	165.11	101.72	58.19	41.14	
203.00	165.12	102.63	58.22	41.16	
204.00	165.02	103.69	58.30	41.21	
205.00	164.97	104.98	58.00	41.00	
206.00	165.06	106.29	58.29	41.21	
207.00	165.23	107.40	58.27	41.19	
208.00	165.38	108.28	58.30	41.21	
209.00	165.57	109.05	58.34	41.24	
210.00	165.62	109.86	58.00	41.00	
211.00	165.90	110.92	58.25	41.18	
212.00	165.94	112.07	58.19	41.14	
213.00	165.86	113.33	58.19	41.14	
214.00	165.78	114.64	58.21	41.15	
215.00	165.60	115.85	58.00	41.00	
216.00	165.75	117.33	58.17	41.12	
217.00	165.66	118.85	58.15	41.11	
218.00	165.57	120.39	58.19	41.13	
219.00	165.57	122.06	58.25	41.18	
220.00	165.65	123.71	58.00	41.00	
221.00	165.97	125.49	58.19	41.13	
222.00	166.11	126.90	58.13	41.09	
223.00	166.13	127.92	58.13	41.09	
224.00	166.14	128.71	58.14	41.10	
225.00	166.06	129.27	58.00	41.00	
226.00	165.86	129.64	58.03	41.02	
227.00	165.71	130.24	58.00	41.00	
228.00	165.61	130.75	58.01	41.01	
229.00	165.52	131.28	58.01	41.01	
230.00	165.49	131.79	58.00	41.00	
231.00	165.03	132.44	58.02	41.01	
232.00	164.99	132.90	58.03	41.02	
233.00	165.00	133.13	58.03	41.02	
234.00	164.96	133.28	58.03	41.02	
235.00	164.98	133.42	58.00	41.00	
236.00	165.06	133.18	58.01	41.01	
237.00	165.06	132.93	58.00	41.00	
238.00	165.04	132.50	57.98	40.99	
239.00	165.06	131.81	57.96	40.97	
240.00	165.01	130.89	58.00	41.00	
241.00	164.87	129.90	57.89	40.93	
242.00	164.81	128.56	57.82	40.88	
243.00	164.85	126.70	57.72	40.80	
244.00	165.03	124.43	57.57	40.70	
245.00	165.27	122.10	58.00	41.00	
246.00	164.92	119.81	57.57	40.70	
247.00	164.78	117.79	57.57	40.70	
248.00	164.75	116.01	57.47	40.63	
249.00	164.83	114.54	57.36	40.55	
250.00	165.28	113.42	57.00	41.00	
251.00	165.34	111.85	56.58	40.70	
252.00	165.52	110.69	56.65	40.75	
253.00	165.98	109.94	56.66	40.75	
254.00	166.18	109.58	56.64	40.74	
255.00	165.99	109.29	57.00	41.00	
256.00	165.69	108.53	56.80	40.86	
257.00	165.11	107.80	56.80	40.86	
258.00	164.33	107.01	56.76	40.83	
259.00	163.46	106.35	56.74	40.81	
260.00	162.11	106.02	57.00	41.00	
261.00	161.05	105.64	56.72	40.80	
262.00	160.28	104.85	56.67	40.76	
263.00	159.70	103.67	56.62	40.73	
264.00	159.65	102.46	56.53	40.66	
265.00	159.93	101.24	56.00	41.00	
266.00	160.45	99.86	55.56	40.68	
267.00	161.14	98.73	55.47	40.61	
268.00	161.68	97.70	55.32	40.50	
269.00	161.82	96.73	55.09	40.33	
270.00	161.36	95.80	55.00	40.00	
271.00	161.40	95.14	54.41	39.57	
272.00	161.60	94.37	54.48	39.62	
273.00	161.76	93.96	54.47	39.61	
274.00	161.83	93.76	54.53	39.66	
275.00	162.32	93.54	55.00	39.00	
276.00	162.60	94.02	54.87	38.91	
277.00	162.96	94.31	54.98	38.99	
278.00	163.14	94.16	54.99	38.99	
279.00	163.46	93.83	54.99	39.00	
280.00	164.39	93.67	55.00	39.00	
281.00	165.04	93.85	55.09	39.07	
282.00	165.47	94.03	55.14	39.10	
283.00	165.49	94.15	55.20	39.14	
284.00	165.54	94.12	55.22	39.16	
285.00	165.41	94.02	56.00	39.00	
286.00	165.07	93.87	56.15	39.11	
287.00	165.29	93.73	56.11	39.08	
288.00	165.32	93.78	56.14	39.09	
289.00	165.20	93.80	56.16	39.11	
290.00	165.28	93.59	57.00	39.00	
291.00	165.03	93.93	57.14	39.09	
292.00	164.96	94.18	57.12	39.09	
293.00	164.96	94.20	57.14	39.09	
294.00	164.76	94.30	57.15	39.10	
295.00	164.36	94.64	58.00	39.00	
296.00	163.82	95.07	58.14	39.10	
297.00	163.40	95.30	58.13	39.09	
298.00	162.97	95.57	58.15	39.10	
299.00	162.75	95.78	58.20	39.13	
300.00	162.68	95.91	58.00	39.00	
301.00	162.79	96.08	58.22	39.15	
302.00	162.87	96.18	58.21	39.14	
303.00	163.25	96.17	58.21	39.14	
304.00	163.61	96.11	58.20	39.13	
305.00	163.69	95.87	58.00	39.00	
306.00	164.31	95.77	58.12	39.08	
307.00	164.67	95.48	58.11	39.07	
308.00	164.71	95.25	58.10	39.07	
309.00	164.77	95.04	58.06	39.04	
310.00	165.27	94.81	58.00	39.00	
311.00	165.48	94.74	58.02	39.02	
312.00	165.64	94.73	58.06	39.04	
313.00	165.87	94.62	58.09	39.06	
314.00	166.21	94.47	58.10	39.06	
315.00	166.34	94.40	58.00	39.00	
316.00	165.99	94.11	58.04	39.03	
317.00	165.74	94.12	58.05	39.04	
318.00	165.71	94.03	58.07	39.05	
319.00	165.92	93.94	58.07	39.05	
320.00	166.23	93.95	58.00	39.00	
321.00	166.36	93.87	58.08	39.05	
322.00	166.67	93.72	58.11	39.07	
323.00	167.18	93.61	58.15	39.10	
324.00	167.76	93.44	58.19	39.13	
325.00	168.55	93.12	58.00	39.00	
326.00	169.67	92.67	58.15	39.10	
327.00	170.55	92.32	58.16	39.11	
328.00	171.16	92.13	58.13	39.09	
329.00	171.45	92.09	58.11	39.07	
330.00	171.71	92.04	58.00	39.00	
331.00	172.24	91.95	58.08	39.05	
332.00	172.55	92.03	58.10	39.07	
333.00	172.87	92.09	58.14	39.10	
334.00	173.33	92.20	58.15	39.10	
335.00	173.71	92.34	58.00	39.00	
336.00	174.44	92.17	58.12	39.08	
337.00	174.97	92.23	58.18	39.12	
338.00	175.34	92.38	58.23	39.15	
339.00	175.66	92.42	58.28	39.19	
340.00	176.13	92.41	59.00	40.00	
341.00	176.20	92.06	59.16	40.11	
342.00	176.28	91.78	59.13	40.09	
343.00	176.42	91.60	59.12	40.08	
344.00	176.44	91.60	59.09	40.06	
345.00	176.35	91.75	59.00	40.00	
346.00	175.84	92.10	58.99	39.99	
347.00	175.48	92.26	58.99	39.99	
348.00	175.24	92.45	58.97	39.98	
349.00	175.06	92.70	58.98	39.98	
350.00	174.94	93.09	59.00	40.00	
351.00	175.07	93.33	59.02	40.02	
352.00	175.30	93.57	59.07	40.05	
353.00	175.43	93.84	59.12	40.08	
354.00	175.45	94.01	59.17	40.11	
355.00	175.39	94.02	60.00	40.00	
356.00	175.14	93.97	60.12	40.08	
357.00	175.25	94.09	60.10	40.07	
358.00	175.50	94.21	60.09	40.06	
359.00	175.99	94.18	60.15	40.10	
360.00	176.81	93.90	60.00	40.00	
361.00	177.48	93.75	60.14	40.09	
362.00	177.87	93.58	60.10	40.07	
363.00	178.10	93.38	60.11	40.07	
364.00	178.30	93.25	60.11	40.07	
365.00	178.72	93.18	60.00	40.00	
366.00	179.30	93.02	60.08	40.05	
367.00	179.66	93.04	60.06	40.04	
368.00	180.11	92.96	60.04	40.03	
369.00	180.57	92.90	60.04	40.03	
370.00	180.97	92.85	60.00	40.00	
371.00	181.39	92.79	60.05	40.04	
372.00	181.89	92.66	60.04	40.02	
373.00	182.33	92.49	60.02	40.01	
374.00	182.52	92.34	60.00	40.00	
375.00	182.81	92.23	60.00	40.00	
376.00	183.39	92.09	60.00	40.00	
377.00	183.96	92.27	60.01	40.01	
378.00	184.33	92.50	60.02	40.02	
379.00	184.49	92.65	60.06	40.04	
380.00	184.84	92.81	60.00	40.00	
381.00	185.30	93.12	60.03	40.02	
382.00	185.60	93.29	60.01	40.01	
383.00	185.82	93.43	60.00	40.00	
384.00	186.10	93.65	59.97	39.98	
385.00	186.35	93.82	60.00	40.00	
386.00	186.42	94.09	59.99	39.99	
387.00	186.71	94.33	59.96	39.98	
388.00	186.99	94.60	59.93	39.96	
389.00	187.22	94.80	59.93	39.95	
390.00	187.33	94.90	60.00	40.00	
391.00	187.15	95.06	59.98	39.99	
392.00	187.35	95.14	59.99	40.00	
393.00	187.52	95.20	60.03	40.02	
394.00	187.58	95.24	60.07	40.04	
395.00	187.80	95.25	60.00	40.00	
396.00	188.37	95.11	60.05	40.03	
397.00	188.75	95.22	60.05	40.03	
398.00	188.83	95.36	60.05	40.03	
399.00	188.70	95.41	60.05	40.03	
400.00	188.72	95.37	60.00	40.00	
401.00	189.06	94.94	60.01	40.01	
402.00	189.17	94.93	60.02	40.01	
403.00	189.34	95.13	60.02	40.01	
404.00	189.49	95.26	60.05	40.03	
405.00	189.57	95.28	60.00	40.00	
406.00	190.03	95.02	60.05	40.03	
407.00	190.21	94.90	60.04	40.03	
408.00	190.08	94.89	60.05	40.03	
409.00	189.84	94.91	60.07	40.04	
410.00	189.67	94.95	60.00	40.00	
411.00	189.95	95.00	60.05	40.04	
412.00	190.06	94.94	60.03	40.02	
413.00	190.25	94.84	60.01	40.01	
414.00	190.42	94.78	59.99	40.00	
415.00	190.42	94.81	60.00	40.00	
416.00	190.07	95.07	60.01	40.01	
417.00	189.95	95.11	60.03	40.02	
418.00	189.89	95.10	60.04	40.03	
419.00	189.91	95.07	60.05	40.04	
420.00	190.12	94.94	60.00	40.00	
421.00	190.19	94.91	60.04	40.03	
422.00	190.32	94.84	60.04	40.03	
423.00	190.36	94.76	60.04	40.02	
424.00	190.41	94.60	60.03	40.02	
425.00	190.49	94.39	61.00	40.00	
426.00	190.10	93.97	61.01	40.01	
427.00	190.04	93.84	61.03	40.02	
428.00	190.19	93.88	61.04	40.03	
429.00	190.32	93.98	61.06	40.04	
430.00	190.33	94.05	61.00	40.00	
431.00	190.28	94.13	61.07	40.05	
432.00	190.47	94.24	61.08	40.05	
433.00	190.93	94.41	61.06	40.04	
434.00	191.66	94.63	61.04	40.03	
435.00	192.29	94.76	61.00	40.00	
436.00	192.11	95.06	61.04	40.03	
437.00	191.81	95.16	61.05	40.04	
438.00	191.50	95.09	61.06	40.04	
439.00	191.00	94.79	61.06	40.04	
440.00	190.31	94.40	61.00	40.00	
441.00	189.27	93.73	61.03	40.02	
442.00	188.24	93.34	61.04	40.03	
443.00	187.10	93.12	61.08	40.05	
444.00	185.79	93.02	61.16	40.10	
445.00	184.69	93.03	61.00	40.00	
446.00	184.08	92.95	61.16	40.11	
447.00	183.31	92.91	61.17	40.11	
448.00	182.45	92.93	61.22	40.14	
449.00	181.78	92.99	61.29	40.19	
450.00	181.36	93.08	62.00	40.00	
451.00	180.54	93.15	62.15	40.10	
452.00	179.92	93.25	62.06	40.04	
453.00	179.37	93.35	62.06	40.04	
454.00	178.98	93.34	62.00	40.00	
455.00	178.35	93.25	62.00	40.00	
456.00	177.51	93.07	62.01	40.00	
457.00	177.22	93.04	61.98	39.99	
458.00	176.98	93.08	61.97	39.98	
459.00	176.65	93.13	61.99	39.99	
460.00	176.65	93.19	62.00	40.00	
461.00	176.73	93.14	62.02	40.01	
462.00	176.46	93.16	62.02	40.02	
463.00	176.30	93.13	62.05	40.03	
464.00	176.39	93.08	62.05	40.03	
465.00	176.56	93.17	62.00	40.00	
466.00	177.08	93.17	62.05	40.03	
467.00	177.40	93.22	62.06	40.04	
468.00	177.76	93.30	62.07	40.04	
469.00	178.22	93.41	62.09	40.06	
470.00	178.53	93.51	62.00	40.00	
471.00	179.35	94.04	62.13	40.08	
472.00	179.99	94.18	62.15	40.10	
473.00	180.62	94.19	62.17	40.11	
474.00	181.49	94.23	62.23	40.15	
475.00	182.37	94.31	63.00	41.00	
476.00	182.59	94.12	63.26	41.17	
477.00	183.02	94.13	63.29	41.19	
478.00	183.45	94.23	63.34	41.22	
479.00	183.92	94.36	63.44	41.29	
480.00	184.51	94.35	63.00	42.00	
481.00	185.56	94.06	63.37	42.25	
482.00	186.41	94.08	63.32	42.21	
483.00	187.19	94.16	63.35	42.23	
484.00	188.08	94.07	63.43	42.29	
485.00	189.13	93.81	64.00	42.00	
486.00	189.96	93.83	64.35	42.23	
487.00	190.90	93.84	64.24	42.16	
488.00	191.89	93.80	64.22	42.15	
489.00	192.95	93.66	64.29	42.19	
490.00	194.05	93.37	64.00	43.00	
491.00	195.00	92.78	64.29	43.19	
492.00	196.07	92.42	64.22	43.15	
493.00	197.42	92.00	64.24	43.16	
494.00	198.88	91.57	64.33	43.22	
495.00	199.95	91.29	64.00	44.00	
496.00	200.62	90.93	64.33	44.23	
497.00	201.22	90.93	64.30	44.21	
498.00	201.68	91.07	64.31	44.22	
499.00	201.91	91.23	64.32	44.22	
500.00	201.61	91.30	64.00	45.00	
501.00	201.62	91.13	64.18	45.12	
502.00	201.07	91.20	64.09	45.07	
503.00	200.21	91.43	64.00	45.00	
504.00	198.93	91.64	63.89	44.92	
505.00	197.28	91.71	64.00	44.00	
506.00	195.61	91.94	63.72	43.80	
507.00	193.96	91.83	63.67	43.77	
508.00	192.30	91.67	63.56	43.69	
509.00	190.67	91.56	63.38	43.57	
510.00	189.30	91.49	63.00	44.00	
511.00	187.75	90.86	62.49	43.64	
512.00	186.39	90.45	62.58	43.71	
513.00	185.29	90.15	62.57	43.70	
514.00	184.42	90.03	62.50	43.65	
515.00	183.71	89.97	62.00	44.00	
516.00	183.28	89.69	61.69	43.78	
517.00	182.82	89.39	61.74	43.82	
518.00	182.58	89.17	61.72	43.80	
519.00	182.45	89.04	61.67	43.77	
520.00	182.35	89.03	62.00	44.00	
521.00	182.06	89.11	61.85	43.89	
522.00	181.95	89.29	61.93	43.95	
523.00	181.68	89.39	61.95	43.97	
524.00	181.29	89.34	61.95	43.97	
525.00	180.86	89.06	62.00	44.00	
526.00	180.44	88.69	61.97	43.98	
527.00	179.89	88.17	61.95	43.96	
528.00	179.31	87.33	61.94	43.96	
529.00	178.77	86.28	61.90	43.93	
530.00	178.55	85.10	61.00	44.00	
531.00	178.71	83.86	60.81	43.86	
532.00	178.63	82.52	60.82	43.87	
533.00	178.54	81.40	60.82	43.87	
534.00	178.40	80.56	60.81	43.86	
535.00	178.24	80.15	61.00	44.00	
536.00	178.06	79.75	60.94	43.96	
537.00	178.01	79.55	60.99	43.99	
538.00	178.00	79.39	61.05	44.04	
539.00	178.04	79.18	61.10	44.07	
540.00	178.10	78.92	61.00	44.00	
541.00	178.17	78.61	61.05	44.04	
542.00	178.33	78.08	60.96	43.97	
543.00	178.47	77.59	60.90	43.93	
544.00	178.63	77.17	60.88	43.91	
545.00	178.76	76.57	60.00	43.00	
546.00	179.00	76.48	59.89	42.92	
547.00	179.19	76.39	59.92	42.94	
548.00	179.32	76.21	59.94	42.95	
549.00	179.29	76.18	59.98	42.98	
550.00	179.24	76.48	60.00	44.00	
551.00	178.89	76.30	60.11	44.08	
552.00	178.69	76.75	60.25	44.18	
553.00	178.60	77.85	60.40	44.29	
554.00	178.52	79.29	60.54	44.40	
555.00	178.40	80.52	61.00	44.00	
556.00	177.88	82.01	61.51	44.37	
557.00	177.55	83.34	61.48	44.35	
558.00	177.30	84.61	61.49	44.35	
559.00	177.01	85.84	61.55	44.40	
560.00	176.65	87.13	62.00	45.00	
561.00	176.60	88.48	62.44	45.32	
562.00	176.38	90.05	62.38	45.27	
563.00	176.05	91.63	62.40	45.29	
564.00	175.66	93.17	62.50	45.36	
565.00	175.27	94.77	63.00	46.00	
566.00	174.71	96.41	63.31	46.23	
567.00	174.31	97.83	63.22	46.16	
568.00	173.94	99.29	63.24	46.17	
569.00	173.48	100.81	63.30	46.22	
570.00	172.77	102.62	63.00	46.00	
571.00	172.18	105.11	63.28	46.20	
572.00	171.47	107.67	63.29	46.21	
573.00	170.65	110.11	63.44	46.32	
574.00	169.86	112.46	63.59	46.43	
575.00	169.12	114.73	65.00	47.00	
576.00	168.33	116.97	65.35	47.25	
577.00	167.43	119.11	65.18	47.13	
578.00	166.68	120.94	65.16	47.11	
579.00	165.83	122.30	65.17	47.12	
580.00	164.81	123.20	65.00	47.00	
581.00	164.14	123.60	64.97	46.98	
582.00	163.13	123.68	64.79	46.84	
583.00	162.14	123.24	64.63	46.73	
584.00	161.54	122.43	64.57	46.69	
585.00	161.19	121.65	64.00	46.00	
586.00	160.26	121.17	63.68	45.77	
587.00	159.37	120.58	63.70	45.79	
588.00	158.44	119.82	63.68	45.77	
589.00	157.61	118.86	63.70	45.78	
590.00	157.24	118.16	64.00	46.00	
591.00	156.78	117.35	63.90	45.93	
592.00	156.74	116.36	63.99	45.99	
593.00	156.75	115.37	63.99	45.99	
594.00	156.92	114.81	63.92	45.95	
595.00	157.21	115.33	64.00	46.00	
596.00	157.86	116.05	63.88	45.91	
597.00	158.07	116.65	63.97	45.98	
598.00	158.00	115.86	64.03	46.02	
599.00	157.31	113.41	64.14	46.10	
600.00	156.01	110.23	64.18	46.13	
601.00	153.31	107.76	64.19	46.14	
602.00	150.30	106.50	64.00	46.00	
603.00	147.45	105.56	64.02	46.01	
604.00	145.99	106.49	64.01	46.00	
605.00	146.02	108.14	64.00	46.00	
606.00	146.14	109.00	64.52	46.37	
607.00	146.25	109.68	65.06	46.76	
608.00	146.26	110.39	65.71	47.23	
609.00	147.77	111.76	65.79	47.28	
610.00	148.91	112.80	66.00	47.00	
611.00	149.40	112.65	66.56	47.40	
612.00	149.55	111.43	66.23	47.16	
613.00	149.38	109.53	65.98	46.99	
614.00	148.79	107.24	65.74	46.81	
615.00	148.18	104.63	65.00	46.00	
616.00	147.89	102.97	64.40	45.58	
617.00	147.14	101.78	64.35	45.54	
618.00	146.34	101.06	64.24	45.46	
619.00	145.24	100.30	64.30	45.50	
620.00	144.57	99.90	63.00	45.00	
621.00	144.35	99.78	62.40	44.57	
622.00	144.05	100.01	62.38	44.56	
623.00	143.97	100.37	62.34	44.53	
624.00	143.19	100.40	62.42	44.59	
625.00	142.32	99.71	63.00	44.00	
626.00	141.83	98.88	62.32	43.52	
627.00	141.75	97.56	61.89	43.22	
628.00	141.87	95.81	61.55	42.99	
629.00	141.91	94.08	61.45	42.92	
630.00	141.82	95.09	66.00	46.00	
631.00	142.31	94.35	66.06	46.04	
632.00	143.26	94.51	66.24	46.17	
633.00	143.92	95.51	66.32	46.22	
634.00	144.17	97.10	66.27	46.19	
635.00	143.80	97.61	66.00	46.00	
636.00	143.87	97.52	66.08	46.06	
637.00	143.89	96.94	66.04	46.03	
638.00	143.77	96.09	65.83	45.88	
639.00	143.21	95.00	65.51	45.66	
640.00	140.96	93.14	66.00	46.00	
641.00	140.04	91.56	65.60	45.72	
642.00	139.86	90.44	65.52	45.67	
643.00	140.33	90.42	65.45	45.62	
644.00	141.01	91.60	65.43	45.60	
645.00	141.22	93.38	66.00	46.00	
646.00	141.11	95.04	66.08	46.05	
647.00	140.98	96.93	66.15	46.10	
648.00	140.99	98.00	66.12	46.08	
649.00	141.12	97.97	66.15	46.10	
650.00	141.12	97.65	66.00	46.00	
651.00	140.85	98.21	65.83	45.88	
652.00	140.03	98.59	65.67	45.77	
653.00	139.04	97.51	65.70	45.79	
654.00	138.33	95.45	65.71	45.80	
655.00	137.66	94.05	65.00	46.00	
656.00	137.54	94.09	64.89	45.92	
657.00	138.11	94.48	65.30	46.21	
658.00	139.80	95.09	65.34	46.24	
659.00	141.65	95.84	65.38	46.27	
660.00	144.69	97.05	65.00	46.00	
661.00	146.87	97.72	65.39	46.27	
662.00	147.86	98.47	65.27	46.19	
663.00	147.44	98.99	65.24	46.17	
664.00	145.91	99.09	65.43	46.30	
665.00	144.97	98.34	65.00	46.00	
666.00	144.23	97.03	64.82	45.88	
667.00	142.41	95.94	64.81	45.87	
668.00	139.84	96.10	64.88	45.91	
669.00	136.84	97.37	65.00	46.00	
670.00	129.15	99.01	71.00	50.00	
671.00	127.97	101.44	70.97	49.98	
672.00	126.56	103.23	71.22	50.15	
673.00	127.44	104.11	71.43	50.30	
674.00	129.04	104.22	71.66	50.46	
675.00	129.16	104.11	72.00	51.00	
676.00	128.23	103.97	72.36	51.25	
677.00	126.62	103.90	72.28	51.20	
678.00	126.07	103.42	72.26	51.18	
679.00	127.96	102.09	72.24	51.17	
680.00	130.68	100.98	72.00	51.00	
681.00	131.92	100.32	72.52	51.37	
682.00	133.30	100.50	72.56	51.39	
683.00	135.21	100.89	72.62	51.44	
684.00	137.41	100.64	72.64	51.46	
685.00	140.01	100.09	73.00	52.00	
686.00	141.16	99.28	74.13	52.81	
687.00	142.73	99.31	73.90	52.64	
688.00	142.05	99.28	73.71	52.51	
689.00	139.67	98.95	73.28	52.20	
690.00	136.05	98.36	73.00	53.00	
691.00	132.46	98.32	73.16	53.12	
692.00	129.32	99.73	73.25	53.18	
693.00	127.64	102.54	73.39	53.28	
694.00	127.75	105.24	73.56	53.41	
695.00	126.95	106.11	75.00	55.00	
696.00	126.64	106.71	75.22	55.16	
697.00	125.36	107.42	75.15	55.11	
698.00	123.73	108.14	75.22	55.16	
699.00	121.67	108.76	75.35	55.25	
700.00	119.69	109.33	75.00	56.00	
701.00	119.33	109.26	75.49	56.37	
702.00	119.92	108.81	75.55	56.41	
703.00	121.15	108.13	75.51	56.38	
704.00	122.22	107.28	75.42	56.32	
705.00	121.71	105.94	75.00	56.00	
706.00	121.09	104.57	75.34	56.25	
707.00	119.68	102.81	75.29	56.21	
708.00	117.33	100.60	75.21	56.15	
709.00	114.31	98.52	75.03	56.02	
710.00	110.65	96.69	74.00	55.00	
711.00	106.40	95.33	73.49	54.62	
712.00	101.12	93.87	73.43	54.57	
713.00	95.77	92.59	73.39	54.55	
714.00	92.08	91.58	73.31	54.49	
715.00	90.18	90.57	73.00	54.00	
716.00	89.44	90.07	72.86	53.90	
717.00	89.99	89.49	73.13	54.09	
718.00	91.02	89.21	73.24	54.18	
719.00	91.25	89.20	73.33	54.24	
720.00	90.16	89.03	74.00	54.00	
721.00	88.34	88.72	74.32	54.23	
722.00	87.39	88.47	74.42	54.31	
723.00	87.74	88.11	74.60	54.44	
724.00	89.12	87.86	74.64	54.47	
725.00	90.21	88.07	75.00	54.00	
726.00	89.85	88.46	75.35	54.25	
727.00	89.73	89.00	75.43	54.31	
728.00	89.71	89.25	75.51	54.36	
729.00	88.96	88.97	75.56	54.41	
730.00	86.93	88.58	75.00	54.00	
731.00	84.23	88.87	75.16	54.12	
732.00	80.93	88.97	74.97	53.98	
733.00	76.44	88.71	74.87	53.91	
734.00	71.00	88.24	74.73	53.81	
735.00	66.05	86.78	76.00	54.00	
736.00	64.82	87.21	75.59	53.71	
737.00	66.08	87.70	75.90	53.93	
738.00	69.52	88.63	76.27	54.19	
739.00	76.76	90.48	76.50	54.36	
740.00	87.90	93.35	78.00	56.00	
741.00	94.10	94.77	79.29	56.92	
742.00	97.27	95.72	80.03	57.46	
743.00	96.46	96.05	80.70	57.94	
744.00	93.80	96.51	80.44	57.75	
745.00	90.68	96.70	79.00	57.00	
746.00	89.18	96.66	79.36	57.26	
747.00	88.12	95.70	78.92	56.94	
748.00	88.28	95.15	78.78	56.84	
749.00	89.93	95.93	78.63	56.73	
750.00	93.22	97.54	78.00	56.00	
751.00	96.10	98.61	78.13	56.09	
752.00	99.02	99.21	78.40	56.29	
753.00	101.63	99.52	78.70	56.50	
754.00	104.66	99.25	78.98	56.70	
755.00	108.23	99.00	80.00	57.00	
756.00	111.80	99.31	81.10	57.79	
757.00	116.71	100.19	81.14	57.82	
758.00	122.44	101.21	81.16	57.83	
759.00	126.24	101.30	81.42	58.02	
760.00	126.69	100.52	82.00	58.00	
761.00	127.58	100.83	82.39	58.28	
762.00	127.67	101.01	81.83	57.88	
763.00	127.67	100.94	81.58	57.70	
764.00	129.39	100.02	81.52	57.66	
765.00	133.16	96.32	84.00	60.00	
766.00	139.83	95.03	84.29	60.21	
767.00	147.42	94.37	84.62	60.44	
768.00	154.71	95.05	84.85	60.61	
769.00	159.64	95.99	85.29	60.92	
770.00	162.94	96.53	86.00	61.00	
771.00	167.00	97.86	86.62	61.44	
772.00	170.94	98.88	86.72	61.51	
773.00	174.89	99.46	87.11	61.79	
774.00	179.14	100.24	87.57	62.11	
775.00	183.44	101.39	89.00	63.00	
776.00	187.01	101.89	89.89	63.63	
777.00	190.58	102.15	89.71	63.50	
778.00	194.45	101.83	89.79	63.56	
779.00	198.52	101.20	90.04	63.74	
780.00	201.96	100.52	91.00	64.00	
781.00	205.56	100.27	92.07	64.75	
782.00	208.89	99.61	92.17	64.82	
783.00	211.66	98.77	92.45	65.02	
784.00	214.00	98.14	92.79	65.26	
785.00	215.91	97.94	93.19	65.54	
786.00	217.28	98.22	93.54	65.79	
787.00	217.94	98.54	93.88	66.02	
788.00	218.25	98.53	94.15	66.22	
789.00	218.23	98.11	94.42	66.40	
790.00	217.83	97.75	94.67	66.58	
791.00	217.57	97.53	94.91	66.75	
792.00	217.66	97.30	95.15	66.92	
793.00	217.82	97.09	95.36	67.07	
794.00	217.98	97.07	95.49	67.16	
795.00	217.57	97.78	95.58	67.22	
796.00	216.11	98.46	95.55	67.20	
797.00	213.34	98.63	95.30	67.02	
798.00	209.09	98.51	94.64	66.56	
799.00	204.64	97.89	93.84	65.99	
800.00	201.31	96.65	93.11	65.49	
801.00	199.16	95.40	92.55	65.09	
802.00	198.38	94.89	92.36	64.96	
803.00	198.86	95.59	92.44	65.01	
804.00	199.23	97.27	92.60	65.13	
805.00	197.77	98.92	92.73	65.21	
806.00	194.01	99.46	92.72	65.21	
807.00	189.11	99.04	92.57	65.11	
808.00	183.80	98.14	92.29	64.91	
809.00	178.11	97.55	91.79	64.55	
810.00	172.02	96.97	91.02	64.01	
811.00	166.76	96.32	90.20	63.44	
812.00	163.01	95.85	89.56	62.98	
813.00	159.84	96.02	88.98	62.58	
814.00	156.61	96.12	88.36	62.14	
815.00	153.22	96.20	87.65	61.64	
816.00	149.32	96.55	85.00	59.00	
817.00	145.19	96.96	83.22	57.77	
818.00	141.76	96.83	83.60	58.03	
819.00	138.82	96.57	83.72	58.11	
820.00	136.02	96.84	84.00	58.00	
821.00	132.83	97.44	83.25	57.48	
822.00	129.66	97.55	83.42	57.60	
823.00	126.98	97.55	83.44	57.62	
824.00	124.56	98.14	83.41	57.59	
825.00	122.63	99.25	83.00	58.00	
826.00	121.52	99.86	82.62	57.74	
827.00	119.76	101.11	82.63	57.74	
828.00	117.91	102.64	82.69	57.78	
829.00	116.10	103.76	82.84	57.89	
830.00	114.00	104.49	83.00	59.00	
831.00	111.95	104.02	83.14	59.10	
832.00	109.97	102.82	83.23	59.17	
833.00	108.09	101.23	83.34	59.24	
834.00	105.94	100.49	83.46	59.33	
835.00	103.50	100.75	84.00	59.00	
836.00	101.23	101.41	84.25	59.18	
837.00	99.96	101.56	84.25	59.18	
838.00	99.93	100.34	84.24	59.17	
839.00	100.84	98.60	84.11	59.07	
840.00	101.79	97.60	84.00	59.00	
841.00	103.01	97.57	83.93	58.95	
842.00	104.07	98.36	83.88	58.91	
843.00	104.43	100.75	83.94	58.96	
844.00	104.24	104.64	84.24	59.17	
845.00	103.10	108.77	86.00	60.00	
846.00	101.91	112.01	86.88	60.62	
847.00	100.48	113.90	87.15	60.80	
848.00	98.88	114.18	87.51	61.05	
849.00	97.52	112.82	87.93	61.35	
850.00	97.46	107.82	90.00	62.00	
851.00	97.17	102.03	90.95	62.66	
852.00	97.78	95.68	90.49	62.34	
853.00	99.05	89.88	90.12	62.09	
854.00	100.20	85.01	89.70	61.79	
855.00	101.19	81.94	88.00	60.00	
856.00	102.81	80.20	87.56	59.70	
857.00	105.61	79.99	87.48	59.64	
858.00	109.17	81.82	87.41	59.60	
859.00	111.90	85.96	87.55	59.69	
860.00	112.33	92.01	89.00	60.00	
861.00	110.73	98.16	89.80	60.54	
862.00	108.27	103.87	90.57	61.06	
863.00	106.11	107.44	91.46	61.66	
864.00	104.63	108.41	92.44	62.32	
865.00	103.27	107.11	94.00	63.00	
866.00	102.46	104.52	95.50	64.01	
867.00	101.63	101.22	95.16	63.78	
868.00	100.74	97.87	95.30	63.87	
869.00	99.83	94.57	95.61	64.08	
870.00	100.00	89.94	96.00	64.00	
871.00	100.68	84.91	96.51	64.34	
872.00	101.35	80.37	96.01	64.01	
873.00	102.31	76.68	95.58	63.72	
874.00	103.60	75.19	95.21	63.47	
875.00	105.24	76.23	95.00	64.00	
876.00	106.75	79.24	94.87	63.92	
877.00	108.52	84.75	95.70	64.47	
878.00	110.80	90.58	96.47	64.99	
879.00	113.14	94.58	97.15	65.45	
880.00	114.80	95.64	98.00	66.00	
881.00	116.01	94.78	99.25	66.84	
882.00	116.75	92.16	98.79	66.53	
883.00	117.10	88.38	98.56	66.38	
884.00	117.50	84.46	98.43	66.29	
885.00	117.67	80.88	98.00	66.00	
886.00	117.37	77.94	98.37	66.25	
887.00	116.17	76.03	98.49	66.33	
888.00	114.42	74.47	98.81	66.55	
889.00	113.17	72.78	99.30	66.88	
890.00	112.59	71.38	101.00	69.00	
891.00	112.69	68.92	101.89	69.61	
892.00	112.79	65.76	101.46	69.32	
893.00	112.87	63.60	101.09	69.06	
894.00	113.23	63.25	100.64	68.76	
895.00	114.03	64.94	100.00	68.00	
896.00	115.89	67.34	99.49	67.66	
897.00	117.43	71.57	99.78	67.85	
898.00	117.53	78.05	100.48	68.33	
899.00	117.20	84.84	101.80	69.23	
900.00	117.13	89.09	106.00	72.00	
901.00	116.45	91.53	107.77	73.20	
902.00	115.22	92.37	107.68	73.14	
903.00	113.78	91.05	107.80	73.22	
904.00	113.04	87.75	108.09	73.42	
905.00	113.22	83.75	109.00	74.00	
906.00	113.27	79.95	110.29	74.88	
907.00	113.85	76.06	109.89	74.60	
908.00	114.54	73.10	109.55	74.37	
909.00	115.60	69.61	109.17	74.12	
910.00	117.21	65.89	108.00	73.00	
911.00	118.06	64.59	107.71	72.80	
912.00	118.73	65.90	107.57	72.71	
913.00	119.12	69.38	107.43	72.61	
914.00	119.08	75.61	107.56	72.70	
915.00	116.57	85.76	110.00	75.00	
916.00	114.63	96.44	111.03	75.70	
917.00	111.77	106.78	111.92	76.31	
918.00	109.79	113.32	113.25	77.21	
919.00	108.77	113.96	114.49	78.06	
920.00	107.86	107.67	117.00	80.00	
921.00	106.33	102.24	120.29	82.25	
922.00	104.98	94.47	119.12	81.45	
923.00	104.69	85.82	118.19	80.81	
924.00	105.31	77.53	117.64	80.44	
925.00	106.55	70.35	117.02	80.02	
926.00	107.74	65.42	116.46	79.63	
927.00	108.60	63.47	115.98	79.30	
928.00	108.60	64.53	115.52	78.99	
929.00	106.94	68.98	115.39	78.90	
930.00	104.12	76.87	115.74	79.14	
931.00	100.18	87.10	116.94	79.96	
932.00	95.62	97.67	119.08	81.43	
933.00	91.16	106.68	123.37	84.36	
934.00	88.39	112.70	126.57	86.55	
935.00	86.27	112.41	132.00	90.00	
936.00	84.51	106.55	137.70	93.89	
937.00	83.24	96.46	135.38	92.30	
938.00	82.86	85.12	133.82	91.24	
939.00	82.84	74.44	132.41	90.28	
940.00	82.89	65.64	131.07	89.37	
941.00	82.49	60.06	129.88	88.56	
942.00	80.25	58.44	129.46	88.27	
943.00	77.81	61.66	129.37	88.21	
944.00	75.79	69.10	129.83	88.52	
945.00	73.54	80.36	131.03	89.34	
946.00	71.45	92.82	132.90	90.62	
947.00	69.63	101.74	135.57	92.43	
948.00	67.85	105.19	137.56	93.79	
949.00	66.27	102.42	138.66	94.54	
950.00	65.63	94.12	138.93	94.72	
951.00	66.49	82.21	138.63	94.52	
952.00	68.80	69.27	137.90	94.02	
953.00	71.54	57.35	136.88	93.33	
954.00	72.73	47.31	136.58	93.12	
955.00	73.06	40.64	136.24	92.89	
956.00	72.09	37.48	135.86	92.63	
957.00	70.83	36.82	135.50	92.39	
958.00	69.78	39.04	135.20	92.18	
959.00	68.03	45.03	135.38	92.31	
960.00	65.94	54.88	135.87	92.64	
961.00	63.37	67.32	136.78	93.26	
962.00	60.37	80.42	138.06	94.13	
963.00	57.64	91.96	139.74	95.28	
964.00	55.59	99.41	141.57	96.52	
965.00	54.07	101.17	142.87	97.41	
966.00	53.03	96.43	143.54	97.87	
967.00	52.64	87.17	143.80	98.05	
968.00	53.18	75.72	143.78	98.03	
969.00	54.67	63.59	143.35	97.74	
970.00	56.56	52.47	142.69	97.29	
971.00	58.30	43.70	141.96	96.79	
972.00	59.31	38.02	141.34	96.37	
973.00	58.25	35.60	141.61	96.55	
974.00	56.96	37.61	142.11	96.89	
975.00	55.58	44.71	143.08	97.55	
976.00	53.56	56.82	144.81	98.73	
977.00	51.39	72.45	147.37	100.48	
978.00	48.32	87.97	150.40	102.54	
979.00	45.36	101.64	153.06	104.36	
980.00	42.56	110.29	155.28	105.87	
981.00	39.80	111.52	157.21	107.19	
982.00	38.18	105.76	158.47	108.05	
983.00	38.45	95.23	159.03	108.43	
984.00	40.17	81.98	159.40	108.68	
985.00	43.19	67.96	159.36	108.65	
986.00	46.86	55.22	159.07	108.45	
987.00	50.14	45.69	158.67	108.18	
988.00	52.14	40.21	158.34	107.96	
989.00	51.72	37.91	159.04	108.44	
990.00	50.53	40.73	160.13	109.18	
991.00	49.45	49.17	161.74	110.28	
992.00	48.36	62.22	164.17	111.93	
993.00	46.85	76.99	167.39	114.13	
994.00	44.56	90.95	170.74	116.42	
995.00	41.58	101.58	173.87	118.55	
996.00	38.31	105.47	176.71	120.48	
997.00	36.27	100.31	178.89	121.97	
998.00	36.29	88.70	180.35	122.96	
999.00	37.90	73.98	181.09	123.47	
1000.00	40.63	58.14	181.11	123.48	
1001.00	44.32	43.10	180.49	123.06	
1002.00	47.79	31.20	179.45	122.36	
1003.00	49.96	23.25	178.25	121.53	
1004.00	51.08	20.19	176.98	120.67	
1005.00	50.84	22.48	175.90	119.93	
1006.00	49.52	30.36	175.19	119.45	
1007.00	47.60	42.71	175.21	119.46	
1008.00	45.13	57.78	176.12	120.08	
1009.00	41.88	72.11	177.76	121.20	
1010.00	38.76	82.00	179.60	122.45	
1011.00	36.25	84.66	181.14	123.50	
1012.00	34.49	79.95	181.94	124.05	
1013.00	34.03	69.99	181.94	124.05	
1014.00	35.59	56.84	181.32	123.62	
1015.00	38.72	42.25	180.23	122.89	
1016.00	42.70	28.89	178.84	121.94	
1017.00	46.16	18.26	177.37	120.93	
1018.00	48.68	11.84	175.91	119.94	
1019.00	50.31	9.42	174.51	118.98	
1020.00	50.70	11.58	173.34	118.19	
1021.00	49.77	18.10	172.54	117.64	
1022.00	47.93	29.05	172.27	117.45	
1023.00	46.17	44.11	172.85	117.85	
1024.00	45.33	61.74	174.38	118.90	
1025.00	43.44	78.10	176.77	120.52	
1026.00	41.71	90.12	179.37	122.30	
1027.00	40.39	95.57	181.99	124.08	
1028.00	39.08	93.03	184.56	125.84	
1029.00	38.71	83.07	186.41	127.10	
1030.00	39.48	69.16	187.42	127.79	
1031.00	41.62	55.52	187.75	128.01	
1032.00	43.26	43.82	187.65	127.95	
1033.00	44.05	34.87	187.32	127.72	
1034.00	44.64	29.76	186.90	127.43	
1035.00	45.61	29.55	186.54	127.19	
1036.00	46.70	35.10	186.47	127.14	
1037.00	46.61	45.68	187.00	127.50	
1038.00	45.30	59.67	188.31	128.40	
1039.00	42.82	73.59	190.31	129.76	
1040.00	40.06	82.48	192.24	131.07	
1041.00	38.41	83.61	193.69	132.06	
1042.00	37.93	78.04	194.25	132.44	
1043.00	39.13	68.52	193.83	132.15	
1044.00	41.87	57.81	192.86	131.50	
1045.00	44.62	48.26	191.57	130.61	
1046.00	46.84	40.66	190.01	129.55	
1047.00	48.90	36.12	188.23	128.34	
1048.00	50.62	36.59	186.42	127.11	
1049.00	51.14	42.63	184.93	126.09	
1050.00	50.08	55.88	184.17	125.57	
1051.00	46.80	74.01	184.55	125.83	
1052.00	42.96	90.26	185.71	126.62	
1053.00	40.54	97.50	186.64	127.25	
1054.00	40.44	93.48	186.73	127.31	
1055.00	42.62	82.93	186.00	126.82	
1056.00	45.36	71.09	184.86	126.04	
1057.00	49.21	58.90	183.24	124.93	
1058.00	54.80	46.15	181.25	123.58	
1059.00	61.27	34.53	178.90	121.98	
1060.00	67.32	26.62	176.32	120.22	
1061.00	71.76	23.59	173.69	118.42	
1062.00	74.71	24.75	171.05	116.62	
1063.00	76.93	30.45	168.65	114.99	
1064.00	78.37	40.45	166.70	113.66	
1065.00	78.36	51.81	165.27	112.69	
1066.00	78.25	61.19	164.16	111.93	
1067.00	79.91	66.90	163.21	111.28	
1068.00	82.54	67.41	162.25	110.62	
1069.00	85.71	62.25	160.95	109.74	
1070.00	89.29	53.33	159.24	108.57	
1071.00	92.98	43.36	157.38	107.31	
1072.00	97.40	34.04	155.20	105.82	
1073.00	101.48	27.15	153.05	104.36	
1074.00	105.28	24.31	151.03	102.98	
1075.00	108.90	26.02	149.11	101.66	
1076.00	111.88	32.08	147.24	100.39	
1077.00	112.91	42.12	145.57	99.25	
1078.00	112.92	55.77	144.19	98.31	
1079.00	112.38	71.78	143.38	97.76	
1080.00	111.60	86.64	142.90	97.43	
1081.00	110.73	96.76	142.60	97.23	
1082.00	110.36	98.95	142.37	97.07	
1083.00	111.53	92.56	141.97	96.80	
1084.00	114.12	80.48	141.31	96.35	
1085.00	117.99	66.62	140.42	95.74	
1086.00	122.54	53.40	139.38	95.03	
1087.00	126.95	41.95	138.17	94.20	
1088.00	130.23	33.65	137.04	93.43	
1089.00	132.64	28.34	135.88	92.65	
1090.00	134.16	27.05	134.87	91.96	
1091.00	135.34	29.47	133.86	91.26	
1092.00	136.42	36.13	132.90	90.62	
1093.00	137.14	47.59	132.15	90.10	
1094.00	138.23	62.55	131.77	89.85	
1095.00	140.17	79.35	131.62	89.74	
1096.00	141.42	94.01	131.66	89.77	
1097.00	140.97	102.49	131.80	89.86	
1098.00	140.39	102.82	131.83	89.88	
1099.00	140.28	95.54	131.71	89.80	
1100.00	140.89	83.23	131.18	89.44	
1101.00	142.44	68.80	130.45	88.94	
1102.00	145.02	54.78	129.47	88.27	
1103.00	147.82	42.86	128.49	87.61	
1104.00	150.45	34.45	127.47	86.91	
1105.00	151.88	29.40	126.77	86.44	
1106.00	152.62	28.42	126.11	85.99	
1107.00	152.99	30.79	125.44	85.53	
1108.00	152.77	36.56	124.79	85.08	
1109.00	152.43	45.23	124.12	84.62	
1110.00	151.59	57.92	123.96	84.52	
1111.00	151.78	72.31	123.94	84.50	
1112.00	151.78	85.48	124.11	84.62	
1113.00	150.79	95.24	124.48	84.87	
1114.00	149.51	99.61	124.77	85.07	
1115.00	148.49	97.49	124.84	85.12	
1116.00	147.98	90.61	124.62	84.97	
1117.00	148.13	82.09	124.07	84.59	
1118.00	148.74	72.14	123.48	84.19	
1119.00	149.90	61.88	122.77	83.71	
1120.00	151.21	53.34	121.94	83.14	
1121.00	152.30	47.23	120.92	82.44	
1122.00	152.51	43.51	119.82	81.70	
1123.00	152.70	42.91	118.74	80.96	
1124.00	152.72	45.12	117.65	80.22	
1125.00	151.94	49.66	116.66	79.54	
1126.00	151.52	57.16	115.82	78.97	
1127.00	151.49	66.99	115.23	78.57	
1128.00	151.88	77.61	114.77	78.25	
1129.00	151.65	86.18	114.58	78.12	
1130.00	151.06	90.71	114.43	78.02	
1131.00	150.29	90.55	114.22	77.88	
1132.00	149.61	86.99	113.81	77.60	
1133.00	149.38	80.80	113.08	77.10	
1134.00	149.47	72.52	112.34	76.59	
1135.00	150.29	64.43	111.65	76.12	
1136.00	151.71	57.87	110.83	75.56	
1137.00	153.27	54.18	109.87	74.91	
1138.00	153.54	54.51	109.16	74.43	
1139.00	153.84	58.45	108.54	74.01	
1140.00	154.78	65.71	107.78	73.49	
1141.00	154.93	76.27	107.20	73.09	
1142.00	154.26	87.27	106.99	72.95	
1143.00	153.69	97.39	106.90	72.89	
1144.00	153.48	103.54	106.69	72.75	
1145.00	153.27	105.02	106.42	72.56	
1146.00	153.42	101.82	105.99	72.27	
1147.00	154.20	95.78	105.53	71.96	
1148.00	156.65	88.34	104.85	71.49	
1149.00	160.08	82.29	103.88	70.83	
1150.00	163.23	76.24	102.98	70.21	
1151.00	166.03	71.54	102.13	69.64	
1152.00	168.42	68.43	101.23	69.02	
1153.00	170.23	67.73	100.41	68.46	
1154.00	171.46	69.52	99.52	67.85	
1155.00	171.54	73.79	98.67	67.28	
1156.00	171.56	79.84	98.01	66.82	
1157.00	171.93	88.50	97.33	66.36	
1158.00	173.08	96.08	96.67	65.91	
1159.00	173.77	100.35	96.04	65.48	
1160.00	173.44	100.95	95.29	64.97	
1161.00	172.81	97.80	94.43	64.39	
1162.00	172.90	91.56	93.41	63.69	
1163.00	173.69	85.11	92.27	62.91	
1164.00	175.17	78.85	91.33	62.27	
1165.00	176.66	74.64	90.24	61.53	
1166.00	177.47	72.51	89.20	60.82	
1167.00	177.82	73.36	88.26	60.17	
1168.00	178.38	75.92	87.36	59.57	
1169.00	179.56	79.78	86.43	58.93	
1170.00	181.13	86.87	85.38	58.21	
1171.00	181.78	93.02	84.64	57.71	
1172.00	182.15	97.45	83.90	57.21	
1173.00	181.89	98.56	83.10	56.66	
1174.00	180.87	97.07	82.30	56.11	
1175.00	180.31	93.36	81.33	55.45	
1176.00	179.99	89.37	80.28	54.73	
1177.00	179.83	86.67	79.16	53.97	
1178.00	179.28	84.84	78.19	53.31	
1179.00	178.82	84.13	77.00	52.50	
1180.00	177.18	85.82	75.77	51.66	
1181.00	174.15	88.06	74.63	50.88	
1182.00	171.08	89.77	73.37	50.03	
1183.00	168.10	91.47	72.36	49.34	
1184.00	167.90	93.55	71.26	48.58	
1185.00	170.19	96.58	70.56	48.11	
1186.00	175.97	98.76	69.81	47.60	
1187.00	182.68	100.48	69.54	47.42	
1188.00	189.61	101.37	69.57	47.43	
1189.00	196.24	101.99	69.85	47.63	
1190.00	202.34	102.50	70.24	47.89	
1191.00	208.08	102.58	70.67	48.18	
