1.00	122.00	86.00	132.00	176.00	
2.00	121.92	85.62	132.08	176.11	
3.00	122.10	85.54	132.14	176.18	
4.00	122.36	85.67	132.18	176.24	
5.00	123.24	85.85	133.00	176.00	
6.00	124.21	85.81	133.31	176.41	
7.00	125.32	85.58	133.47	176.63	
8.00	126.43	85.68	133.50	176.67	
9.00	127.74	85.45	133.58	176.77	
10.00	128.72	85.31	133.00	177.00	
11.00	130.31	84.86	133.31	177.42	
12.00	131.73	84.56	133.26	177.35	
13.00	133.17	84.18	133.29	177.39	
14.00	134.84	83.56	133.36	177.47	
15.00	136.24	83.33	134.00	178.00	
16.00	137.40	82.95	134.23	178.31	
17.00	138.75	82.69	134.25	178.33	
18.00	139.65	82.44	134.30	178.40	
19.00	140.72	81.76	134.40	178.53	
20.00	141.50	81.14	134.00	179.00	
21.00	141.83	80.71	134.39	179.52	
22.00	141.59	80.31	134.47	179.63	
23.00	141.06	80.00	134.56	179.75	
24.00	140.06	79.78	134.66	179.88	
25.00	137.41	79.00	135.00	180.00	
26.00	134.63	78.93	135.40	180.53	
27.00	132.33	78.71	135.33	180.45	
28.00	130.76	78.28	135.38	180.51	
29.00	129.65	77.97	135.46	180.62	
30.00	128.98	77.93	136.00	181.00	
31.00	128.83	78.03	136.37	181.49	
32.00	128.71	78.10	136.45	181.60	
33.00	129.05	78.27	136.61	181.81	
34.00	130.53	78.65	136.74	181.99	
35.00	132.20	79.29	137.00	183.00	
36.00	133.54	79.40	137.46	183.61	
37.00	134.72	79.49	137.41	183.55	
38.00	135.80	79.69	137.43	183.57	
39.00	136.82	79.96	137.44	183.58	
40.00	137.24	79.94	138.00	184.00	
41.00	137.61	80.04	138.31	184.42	
42.00	138.32	79.90	138.37	184.49	
43.00	138.85	79.62	138.47	184.63	
44.00	139.47	79.42	138.58	184.77	
45.00	140.34	79.34	139.00	186.00	
46.00	141.06	79.18	139.39	186.52	
47.00	141.65	78.95	139.32	186.43	
48.00	142.24	78.62	139.34	186.45	
49.00	143.35	78.40	139.35	186.46	
50.00	144.57	78.09	139.00	187.00	
51.00	145.76	77.57	139.26	187.35	
52.00	147.19	77.43	139.26	187.35	
53.00	148.29	77.23	139.35	187.47	
54.00	149.29	77.02	139.43	187.58	
55.00	150.08	76.70	140.00	187.00	
56.00	150.50	76.89	140.24	187.32	
57.00	150.93	76.83	140.14	187.18	
58.00	151.20	76.52	140.10	187.14	
59.00	151.73	76.49	140.06	187.08	
60.00	151.84	76.49	140.00	188.00	
61.00	151.73	75.95	140.07	188.09	
62.00	151.43	75.61	140.10	188.13	
63.00	150.59	75.46	140.11	188.15	
64.00	149.78	75.64	140.09	188.12	
65.00	149.15	76.02	140.00	188.00	
66.00	148.37	76.11	139.99	187.98	
67.00	147.74	76.05	139.96	187.94	
68.00	146.70	75.88	139.91	187.88	
69.00	146.36	75.75	139.83	187.77	
70.00	146.51	75.96	139.00	187.00	
71.00	146.84	75.97	138.82	186.76	
72.00	147.18	75.78	138.83	186.78	
73.00	147.56	75.61	138.77	186.69	
74.00	148.15	75.32	138.64	186.52	
75.00	148.64	75.12	138.00	186.00	
76.00	149.70	74.84	137.67	185.55	
77.00	151.35	74.70	137.65	185.52	
78.00	153.15	74.86	137.55	185.39	
79.00	153.15	74.86	137.55	185.39	
80.00	155.95	75.42	137.00	185.00	
81.00	157.52	75.31	136.64	184.52	
82.00	158.98	75.32	136.79	184.72	
83.00	160.44	75.99	136.83	184.78	
84.00	161.35	77.04	136.89	184.86	
85.00	161.76	77.85	137.00	185.00	
86.00	162.59	78.48	137.01	185.01	
87.00	163.12	79.19	137.05	185.06	
88.00	163.48	80.14	137.01	185.01	
89.00	163.91	80.49	137.02	185.02	
90.00	164.70	80.48	137.00	186.00	
91.00	165.90	79.94	137.10	186.14	
92.00	166.76	79.98	137.14	186.19	
93.00	167.23	80.38	137.17	186.23	
94.00	167.70	80.99	137.19	186.26	
95.00	168.22	81.67	137.00	186.00	
96.00	168.26	82.22	137.11	186.15	
97.00	168.51	82.53	137.10	186.14	
98.00	168.56	82.48	137.12	186.16	
99.00	168.28	82.24	137.14	186.19	
100.00	167.73	81.75	137.00	186.00	
101.00	167.31	81.45	137.13	186.18	
102.00	166.83	81.20	137.10	186.13	
103.00	166.41	81.00	137.08	186.11	
104.00	165.69	80.69	137.12	186.16	
105.00	164.16	80.21	138.00	187.00	
106.00	163.57	80.06	138.09	187.13	
107.00	162.45	79.63	138.14	187.19	
108.00	162.45	79.63	138.14	187.19	
109.00	162.45	79.63	138.14	187.19	
110.00	158.59	77.64	138.00	188.00	
111.00	159.16	77.85	138.24	188.32	
112.00	158.90	77.65	138.18	188.24	
113.00	158.69	76.86	138.27	188.37	
114.00	159.05	76.33	138.36	188.49	
115.00	159.63	76.10	138.00	189.00	
116.00	161.43	76.05	138.01	189.01	
117.00	163.65	75.79	137.83	188.77	
118.00	165.54	75.35	137.67	188.55	
119.00	167.34	74.72	137.54	188.38	
120.00	170.21	74.11	137.00	188.00	
121.00	172.85	73.32	136.46	187.26	
122.00	176.65	72.58	136.26	186.98	
123.00	180.73	71.83	136.01	186.64	
124.00	183.99	70.87	135.85	186.42	
125.00	187.84	69.53	135.00	185.00	
126.00	191.96	68.94	134.20	183.90	
127.00	195.95	68.23	134.15	183.84	
128.00	199.73	66.92	134.05	183.70	
129.00	203.12	65.49	133.96	183.57	
130.00	212.47	67.32	132.00	181.00	
131.00	216.01	65.97	131.21	179.92	
132.00	220.70	65.26	131.14	179.81	
133.00	225.11	64.63	130.92	179.52	
134.00	229.12	64.09	130.69	179.21	
135.00	233.28	63.76	131.00	179.00	
136.00	237.84	63.96	130.12	177.80	
137.00	242.17	64.34	130.11	177.78	
138.00	246.30	65.00	129.98	177.61	
139.00	250.27	65.92	129.78	177.33	
140.00	254.42	66.59	130.00	177.00	
141.00	257.96	67.75	128.93	175.54	
142.00	262.20	68.59	129.02	175.67	
143.00	266.90	69.22	128.92	175.53	
144.00	271.69	69.88	128.70	175.23	
145.00	276.03	70.94	128.00	175.00	
146.00	281.12	72.31	127.03	173.68	
147.00	286.66	73.56	127.07	173.73	
148.00	291.95	74.98	126.96	173.57	
149.00	297.37	76.50	126.77	173.32	
150.00	302.75	77.40	126.00	173.00	
151.00	308.31	77.50	125.33	172.08	
152.00	314.25	77.62	125.42	172.21	
153.00	321.63	77.49	125.42	172.20	
154.00	328.46	77.14	125.38	172.15	
155.00	335.31	76.76	125.00	172.00	
156.00	342.06	76.63	124.69	171.57	
157.00	348.73	76.26	124.86	171.81	
158.00	355.77	75.52	124.91	171.88	
159.00	362.52	74.79	124.93	171.91	
160.00	368.69	74.09	125.00	172.00	
161.00	374.60	73.48	124.88	171.84	
162.00	380.19	72.68	124.92	171.89	
163.00	386.26	72.21	124.97	171.96	
164.00	391.29	71.71	125.03	172.05	
165.00	396.08	71.49	125.00	173.00	
166.00	399.97	70.82	125.07	173.10	
167.00	403.58	70.66	125.05	173.06	
168.00	406.16	70.69	125.02	173.03	
169.00	408.82	71.09	125.00	173.01	
170.00	410.99	71.79	125.00	173.00	
171.00	413.08	72.91	125.01	173.01	
172.00	414.94	74.42	125.08	173.11	
173.00	416.43	76.15	125.14	173.19	
174.00	417.92	78.02	125.17	173.24	
175.00	419.26	79.69	126.00	173.00	
176.00	420.02	81.23	126.13	173.18	
177.00	420.29	82.17	126.08	173.11	
178.00	419.96	82.91	126.11	173.16	
179.00	419.26	83.44	126.13	173.17	
180.00	418.49	84.20	127.00	173.00	
181.00	416.75	84.45	127.08	173.11	
182.00	414.96	84.63	127.06	173.08	
183.00	412.65	84.69	127.05	173.07	
184.00	410.18	84.83	127.04	173.06	
185.00	407.92	84.99	127.00	173.00	
186.00	406.04	84.92	127.05	173.07	
187.00	404.29	84.70	127.05	173.07	
188.00	402.79	84.37	127.06	173.09	
189.00	401.49	84.09	127.10	173.14	
190.00	400.09	83.97	127.00	173.00	
191.00	398.65	84.02	127.11	173.15	
192.00	396.79	83.95	127.16	173.21	
193.00	394.85	83.80	127.24	173.32	
194.00	393.56	84.16	127.28	173.38	
195.00	391.98	84.70	127.00	173.00	
196.00	391.32	85.36	127.32	173.43	
197.00	391.01	85.75	127.37	173.50	
198.00	390.45	86.47	127.53	173.72	
199.00	389.69	87.36	127.75	174.02	
200.00	388.66	88.73	129.00	175.00	
201.00	387.90	90.42	129.83	176.13	
202.00	386.38	92.63	129.93	176.26	
203.00	383.59	95.73	130.15	176.56	
204.00	379.41	99.61	130.43	176.94	
205.00	374.48	104.67	132.00	178.00	
206.00	370.24	109.43	133.14	179.54	
207.00	365.70	114.35	132.71	178.95	
208.00	361.15	119.19	132.82	179.11	
209.00	358.52	123.30	132.80	179.07	
210.00	357.43	126.93	132.29	178.40	
211.00	356.78	130.32	131.92	177.90	
212.00	357.12	132.27	131.48	177.30	
213.00	355.20	133.70	131.63	177.50	
214.00	354.09	135.57	131.74	177.66	
215.00	352.47	137.51	131.97	177.96	
216.00	352.09	138.79	132.00	178.00	
217.00	350.65	141.05	131.94	177.92	
218.00	350.23	143.07	131.57	177.43	
219.00	349.75	144.46	131.32	177.08	
220.00	349.29	145.65	131.00	176.00	
221.00	348.10	147.44	130.86	175.81	
222.00	347.87	149.21	130.84	175.79	
223.00	347.74	151.04	130.56	175.41	
224.00	347.90	152.90	130.24	174.98	
225.00	348.21	154.91	130.00	174.00	
226.00	348.00	157.18	129.59	173.45	
227.00	348.78	159.60	129.64	173.52	
228.00	349.67	161.50	129.57	173.43	
229.00	350.11	163.40	129.50	173.33	
230.00	350.35	165.12	130.00	173.00	
231.00	350.44	166.68	129.75	172.67	
232.00	350.55	168.22	129.81	172.75	
233.00	350.75	169.29	129.86	172.82	
234.00	351.11	169.97	129.92	172.89	
235.00	350.91	170.29	130.00	173.00	
236.00	350.62	170.26	130.03	173.04	
237.00	350.54	170.44	130.03	173.04	
238.00	350.21	170.65	130.07	173.09	
239.00	349.84	171.06	130.09	173.12	
240.00	349.12	171.26	130.00	173.00	
241.00	348.33	171.24	130.09	173.12	
242.00	347.70	171.38	130.13	173.18	
243.00	346.47	171.52	130.27	173.35	
244.00	345.24	171.45	130.44	173.59	
245.00	343.55	170.69	130.00	174.00	
246.00	342.81	170.06	130.53	174.71	
247.00	342.35	168.80	130.53	174.71	
248.00	341.39	167.13	130.65	174.87	
249.00	340.43	165.33	130.77	175.03	
250.00	339.63	163.71	131.00	175.00	
251.00	339.14	162.55	131.64	175.86	
252.00	338.30	161.27	131.65	175.86	
253.00	337.42	159.98	131.74	175.99	
254.00	336.46	158.66	131.85	176.14	
255.00	334.59	156.88	132.00	177.00	
256.00	332.88	155.81	132.83	178.11	
257.00	330.98	154.98	133.01	178.35	
258.00	328.72	154.16	133.38	178.85	
259.00	326.01	153.56	133.89	179.53	
260.00	323.32	153.48	135.00	181.00	
261.00	319.85	153.02	136.73	183.32	
262.00	316.01	153.04	136.70	183.27	
263.00	311.87	153.70	137.04	183.73	
264.00	307.69	154.44	137.60	184.48	
265.00	303.37	155.37	139.00	186.00	
266.00	298.74	156.31	141.45	189.28	
267.00	294.87	157.32	141.41	189.23	
268.00	291.28	158.60	141.67	189.57	
269.00	287.65	160.05	142.05	190.09	
270.00	284.41	161.33	143.00	191.00	
271.00	280.29	161.71	145.01	193.68	
272.00	276.51	161.51	144.64	193.19	
273.00	273.08	160.87	144.62	193.16	
274.00	268.97	160.06	144.72	193.29	
275.00	264.52	158.75	144.00	193.00	
276.00	260.48	157.31	145.13	194.51	
277.00	255.39	155.39	144.88	194.19	
278.00	249.66	153.58	144.83	194.11	
279.00	243.70	151.92	144.88	194.18	
280.00	238.12	150.24	145.00	195.00	
281.00	233.11	147.91	145.65	195.87	
282.00	228.79	145.39	145.72	195.97	
283.00	224.63	143.02	145.94	196.27	
284.00	220.51	140.47	146.28	196.72	
285.00	216.82	137.47	147.00	199.00	
286.00	213.14	133.91	148.19	200.61	
287.00	209.21	130.60	148.29	200.75	
288.00	205.91	127.17	148.60	201.16	
289.00	202.27	123.64	149.04	201.76	
290.00	198.86	120.52	150.00	203.00	
291.00	195.95	117.91	151.60	205.16	
292.00	193.25	115.65	151.52	205.06	
293.00	190.94	113.26	151.74	205.35	
294.00	189.19	110.74	152.05	205.78	
295.00	187.36	108.26	154.00	208.00	
296.00	185.22	106.02	155.63	210.20	
297.00	183.37	104.53	155.59	210.14	
298.00	181.18	103.12	155.83	210.47	
299.00	179.13	102.46	156.16	210.92	
300.00	177.52	101.87	156.00	211.00	
301.00	176.30	101.48	157.33	212.80	
302.00	174.59	101.37	156.91	212.23	
303.00	172.60	101.00	156.73	211.99	
304.00	170.45	100.76	156.59	211.80	
305.00	168.63	100.87	156.00	211.00	
306.00	167.15	100.73	156.03	211.04	
307.00	165.30	100.18	155.64	210.51	
308.00	163.37	99.66	155.22	209.95	
309.00	161.66	99.06	154.79	209.36	
310.00	159.92	98.14	153.00	208.00	
311.00	158.65	97.28	151.78	206.34	
312.00	157.34	96.55	151.74	206.29	
313.00	155.78	95.45	151.54	206.01	
314.00	154.98	94.63	151.25	205.62	
315.00	154.13	94.15	151.00	205.00	
316.00	152.76	93.40	149.49	202.94	
317.00	151.57	92.73	149.56	203.04	
318.00	150.32	91.92	149.43	202.87	
319.00	148.84	90.65	149.25	202.63	
320.00	146.96	89.51	149.00	202.00	
321.00	145.43	89.27	148.05	200.71	
322.00	143.85	88.57	148.41	201.20	
323.00	142.95	87.67	148.60	201.46	
324.00	142.62	87.07	148.68	201.57	
325.00	142.11	86.53	149.00	201.00	
326.00	141.64	86.69	148.58	200.43	
327.00	141.18	85.92	148.37	200.15	
328.00	140.87	84.35	148.04	199.70	
329.00	140.74	82.67	147.64	199.16	
330.00	140.09	81.11	146.00	197.00	
331.00	139.67	80.33	144.92	195.55	
332.00	139.17	80.03	145.01	195.67	
333.00	138.90	80.19	144.89	195.50	
334.00	138.79	80.60	144.67	195.20	
335.00	138.38	81.55	144.00	194.00	
336.00	137.76	83.00	143.17	192.88	
337.00	137.06	84.64	143.42	193.22	
338.00	136.19	86.34	143.58	193.43	
339.00	135.95	87.67	143.71	193.60	
340.00	135.82	88.88	144.00	194.00	
341.00	136.22	90.02	143.80	193.74	
342.00	136.63	90.84	143.66	193.54	
343.00	136.97	91.38	143.57	193.42	
344.00	137.76	91.74	143.53	193.37	
345.00	139.25	92.25	144.00	194.00	
346.00	140.01	92.55	143.72	193.62	
347.00	141.56	93.41	143.82	193.76	
348.00	143.45	94.43	143.91	193.88	
349.00	145.39	95.48	143.99	193.99	
350.00	148.25	96.37	144.00	194.00	
351.00	151.13	96.79	143.91	193.88	
352.00	153.71	97.18	143.95	193.93	
353.00	156.06	97.72	143.95	193.93	
354.00	158.12	98.11	144.01	194.01	
355.00	159.41	98.64	145.00	194.00	
356.00	160.25	99.77	145.27	194.37	
357.00	161.15	100.66	145.55	194.73	
358.00	161.47	101.04	145.93	195.24	
359.00	161.61	101.35	146.32	195.76	
360.00	161.23	101.36	148.00	198.00	
361.00	160.30	101.14	149.02	199.36	
362.00	159.86	101.32	148.68	198.92	
363.00	159.58	101.28	148.35	198.47	
364.00	159.46	100.76	148.02	198.03	
365.00	159.55	100.67	146.00	196.00	
366.00	160.01	100.65	145.86	195.81	
367.00	159.81	100.10	145.79	195.72	
368.00	159.38	99.46	145.52	195.36	
369.00	159.40	98.79	144.91	194.54	
370.00	159.37	98.06	145.00	194.00	
371.00	158.98	97.20	143.82	192.43	
372.00	159.04	96.23	143.58	192.10	
373.00	159.80	95.12	143.15	191.52	
374.00	160.87	93.65	142.68	190.90	
375.00	161.45	92.40	142.00	190.00	
376.00	162.56	91.24	140.82	188.42	
377.00	164.28	90.52	140.80	188.40	
378.00	165.87	89.96	140.51	188.00	
379.00	167.71	89.44	140.21	187.61	
380.00	169.28	89.41	140.00	187.00	
381.00	171.64	88.82	138.95	185.59	
382.00	174.34	88.58	139.26	186.01	
383.00	176.51	88.60	139.58	186.44	
384.00	176.51	88.60	139.58	186.44	
385.00	183.10	92.66	139.00	186.00	
386.00	183.63	93.42	139.38	186.50	
387.00	185.00	94.69	139.51	186.69	
388.00	185.91	95.50	139.52	186.70	
389.00	186.55	95.96	139.46	186.62	
390.00	187.18	96.12	139.00	186.00	
391.00	187.20	96.20	139.03	186.04	
392.00	187.33	96.75	138.93	185.91	
393.00	188.08	97.63	138.75	185.66	
394.00	188.65	98.09	138.60	185.46	
395.00	188.73	98.33	138.00	186.00	
396.00	188.94	98.30	137.76	185.68	
397.00	189.05	98.84	137.77	185.69	
398.00	188.86	99.49	137.77	185.69	
399.00	188.71	99.78	137.77	185.69	
400.00	188.47	99.77	138.00	185.00	
401.00	187.70	100.38	137.80	184.73	
402.00	187.05	101.04	137.68	184.57	
403.00	186.77	101.33	137.55	184.40	
404.00	186.48	101.18	137.46	184.27	
405.00	186.13	100.89	138.00	184.00	
406.00	185.94	100.96	137.59	183.45	
407.00	186.10	101.14	137.55	183.41	
408.00	186.12	101.15	137.51	183.35	
409.00	185.94	100.96	137.48	183.31	
410.00	185.80	100.59	137.00	183.00	
411.00	186.30	100.74	136.60	182.46	
412.00	186.70	100.89	136.48	182.30	
413.00	186.97	100.83	136.29	182.05	
414.00	187.44	100.66	136.04	181.72	
415.00	187.77	100.64	135.00	181.00	
416.00	188.26	100.79	134.37	180.16	
417.00	188.77	100.46	134.47	180.30	
418.00	188.91	99.94	134.51	180.34	
419.00	189.07	99.57	134.47	180.29	
420.00	189.39	99.56	135.00	180.00	
421.00	188.89	100.07	134.70	179.60	
422.00	188.64	100.23	134.80	179.73	
423.00	188.74	100.43	134.82	179.76	
424.00	188.72	100.57	134.85	179.80	
425.00	188.51	100.61	134.00	179.00	
426.00	189.02	101.10	133.91	178.88	
427.00	189.25	101.30	133.92	178.90	
428.00	189.08	101.56	133.93	178.90	
429.00	188.67	101.83	133.93	178.90	
430.00	188.78	102.28	134.00	179.00	
431.00	189.17	102.47	133.87	178.83	
432.00	189.31	102.69	133.81	178.75	
433.00	189.58	103.09	133.72	178.63	
434.00	189.67	103.23	133.68	178.57	
435.00	189.78	103.24	133.00	179.00	
436.00	190.27	103.26	132.77	178.69	
437.00	190.38	103.51	132.81	178.75	
438.00	190.41	103.89	132.81	178.74	
439.00	190.37	104.38	132.79	178.72	
440.00	190.22	104.83	133.00	178.00	
441.00	190.00	105.16	132.88	177.84	
442.00	190.17	105.17	132.88	177.84	
443.00	190.10	105.20	132.92	177.89	
444.00	190.01	105.34	132.95	177.93	
445.00	190.10	105.59	133.00	178.00	
446.00	190.17	106.47	132.96	177.95	
447.00	190.13	107.17	132.96	177.94	
448.00	190.04	107.50	132.97	177.96	
449.00	190.28	107.59	132.96	177.95	
450.00	190.69	107.58	133.00	177.00	
451.00	191.02	107.95	133.01	177.01	
452.00	191.28	108.06	132.99	176.99	
453.00	191.43	107.94	132.96	176.95	
454.00	191.57	108.09	132.91	176.88	
455.00	191.74	108.53	132.00	176.00	
456.00	191.89	109.45	131.92	175.90	
457.00	191.94	109.88	131.97	175.96	
458.00	191.89	109.85	132.04	176.06	
459.00	191.44	109.81	132.16	176.22	
460.00	191.31	110.07	133.00	177.00	
461.00	191.10	110.38	133.11	177.14	
462.00	190.94	110.54	133.04	177.05	
463.00	191.21	110.83	132.98	176.97	
464.00	191.76	111.04	132.94	176.92	
465.00	191.87	110.90	133.00	177.00	
466.00	192.27	111.23	132.97	176.96	
467.00	192.56	111.41	133.00	177.00	
468.00	192.42	111.25	133.08	177.11	
469.00	192.49	111.04	133.16	177.21	
470.00	193.07	110.92	133.00	177.00	
471.00	192.91	111.00	133.15	177.19	
472.00	193.30	111.15	133.06	177.09	
473.00	193.92	111.38	133.01	177.02	
474.00	194.62	111.92	132.95	176.93	
475.00	196.01	112.62	133.00	176.00	
476.00	197.20	113.26	132.86	175.82	
477.00	198.15	113.68	132.87	175.83	
478.00	199.13	113.86	132.87	175.83	
479.00	199.29	113.79	132.92	175.90	
480.00	199.42	113.61	133.00	176.00	
481.00	199.39	114.00	132.98	175.97	
482.00	199.68	114.05	132.98	175.98	
483.00	200.89	113.94	132.94	175.92	
484.00	202.31	113.85	132.91	175.88	
485.00	203.11	114.07	133.00	176.00	
486.00	204.83	114.21	132.92	175.89	
487.00	206.98	114.21	132.94	175.93	
488.00	208.63	114.52	133.00	176.00	
489.00	210.89	115.12	133.04	176.06	
490.00	213.45	115.39	133.00	176.00	
491.00	215.95	115.56	132.99	175.99	
492.00	218.69	115.82	132.93	175.91	
493.00	221.15	116.03	132.85	175.81	
494.00	223.47	116.03	132.80	175.74	
495.00	225.61	116.06	132.00	176.00	
496.00	228.42	116.03	131.86	175.82	
497.00	230.58	115.99	131.93	175.90	
498.00	232.36	116.13	131.97	175.96	
499.00	234.30	116.17	131.99	175.99	
500.00	235.92	116.31	132.00	176.00	
501.00	237.21	116.32	132.01	176.01	
502.00	238.56	116.34	132.01	176.01	
503.00	239.97	116.51	132.00	176.00	
504.00	241.72	116.87	131.98	175.98	
505.00	243.46	116.92	132.00	176.00	
506.00	245.01	116.66	131.99	175.98	
507.00	246.64	116.38	132.05	176.07	
508.00	248.15	116.25	132.14	176.18	
509.00	249.90	116.08	132.22	176.29	
510.00	251.32	115.81	133.00	176.00	
511.00	252.37	115.64	133.23	176.30	
512.00	254.00	114.75	133.22	176.29	
513.00	255.49	113.60	133.30	176.39	
514.00	257.26	112.60	133.34	176.45	
515.00	259.88	111.42	133.00	177.00	
516.00	261.74	109.86	133.32	177.43	
517.00	263.19	108.93	133.28	177.38	
518.00	264.75	108.45	133.28	177.38	
519.00	266.62	107.97	133.30	177.40	
520.00	268.53	107.37	133.00	178.00	
521.00	270.71	106.34	133.26	178.34	
522.00	272.77	105.71	133.27	178.37	
523.00	274.63	104.69	133.37	178.50	
524.00	276.67	103.68	133.52	178.70	
525.00	279.03	102.76	134.00	179.00	
526.00	281.08	101.73	134.47	179.62	
527.00	283.73	100.49	134.43	179.58	
528.00	286.26	98.76	134.53	179.71	
529.00	288.59	97.32	134.75	180.00	
530.00	291.07	95.94	135.00	180.00	
531.00	293.04	94.37	135.93	181.24	
532.00	294.86	93.14	136.17	181.55	
533.00	296.79	91.83	136.67	182.23	
534.00	298.73	90.27	137.36	183.14	
535.00	300.19	89.35	140.00	187.00	
536.00	301.49	87.68	142.48	190.31	
537.00	301.98	86.25	142.66	190.55	
538.00	302.97	85.04	143.29	191.39	
539.00	303.50	83.89	144.18	192.58	
540.00	303.07	82.75	148.00	197.00	
541.00	302.92	81.85	151.61	201.81	
542.00	302.36	81.19	151.40	201.53	
543.00	301.14	80.82	151.71	201.94	
544.00	299.70	80.82	152.21	202.61	
545.00	297.74	80.88	153.00	203.00	
546.00	295.12	82.03	156.14	207.17	
547.00	291.81	83.79	155.67	206.54	
548.00	288.42	86.29	155.57	206.41	
549.00	285.24	89.44	155.71	206.59	
550.00	281.84	92.37	157.00	208.00	
551.00	278.02	93.63	159.30	211.05	
552.00	273.90	94.04	159.15	210.85	
553.00	270.55	94.19	159.10	210.79	
554.00	267.17	94.85	159.06	210.73	
555.00	263.02	96.52	159.00	210.00	
556.00	258.83	99.58	160.13	211.49	
557.00	254.74	102.62	159.89	211.18	
558.00	250.00	105.27	160.05	211.38	
559.00	246.35	107.90	160.43	211.89	
560.00	244.78	111.05	162.00	214.00	
561.00	241.95	112.85	163.56	216.06	
562.00	238.45	113.69	163.92	216.53	
563.00	234.96	113.34	164.45	217.24	
564.00	231.23	111.25	164.95	217.90	
565.00	227.97	107.84	165.00	218.00	
566.00	224.53	101.92	166.93	220.55	
567.00	220.82	93.45	166.55	220.05	
568.00	217.62	83.26	166.25	219.65	
569.00	215.20	70.84	165.98	219.30	
570.00	212.97	56.59	165.00	218.00	
571.00	212.02	43.40	165.09	218.12	
572.00	210.74	29.62	164.54	217.39	
573.00	209.88	16.54	163.54	216.07	
574.00	208.92	5.74	162.41	214.58	
575.00	207.99	-1.87	159.00	208.00	
576.00	205.44	-5.81	156.39	204.59	
577.00	203.56	-8.64	156.49	204.72	
578.00	203.95	-10.94	156.04	204.13	
579.00	203.95	-10.94	156.04	204.13	
580.00	200.15	2.21	155.00	203.00	
581.00	199.43	4.88	152.69	199.98	
582.00	199.37	8.58	151.77	198.77	
583.00	198.95	13.16	150.41	196.99	
584.00	198.79	17.93	149.03	195.19	
585.00	197.58	23.25	145.00	191.00	
586.00	195.98	27.08	142.10	187.19	
587.00	194.95	30.54	142.18	187.28	
588.00	194.20	33.32	141.50	186.39	
589.00	193.69	35.52	140.58	185.18	
590.00	193.21	37.26	140.00	184.00	
591.00	192.59	38.45	137.31	180.47	
592.00	191.32	39.80	137.71	181.00	
593.00	189.82	40.92	137.70	180.98	
594.00	188.70	41.92	137.51	180.72	
595.00	186.99	42.85	137.00	180.00	
596.00	185.08	43.82	135.62	178.18	
597.00	183.07	44.45	135.96	178.63	
598.00	180.46	44.69	136.06	178.77	
599.00	177.65	45.07	136.09	178.81	
600.00	174.70	46.30	136.00	179.00	
601.00	171.90	47.86	135.54	178.40	
602.00	169.10	50.14	135.76	178.69	
603.00	165.68	52.78	135.96	178.95	
604.00	162.79	55.57	136.12	179.16	
605.00	160.56	58.22	136.00	180.00	
606.00	159.21	60.14	136.27	180.35	
607.00	157.69	61.28	136.41	180.55	
608.00	156.41	62.14	136.60	180.80	
609.00	155.39	63.05	136.78	181.04	
610.00	154.40	64.07	138.00	182.00	
611.00	153.68	65.55	138.66	182.88	
612.00	152.70	68.16	138.77	183.02	
613.00	152.26	71.87	138.84	183.10	
614.00	151.72	76.02	138.83	183.10	
615.00	149.42	79.80	140.00	183.00	
616.00	147.40	83.53	140.58	183.76	
617.00	145.47	87.20	140.61	183.79	
618.00	144.17	90.96	140.58	183.76	
619.00	143.29	94.60	140.49	183.64	
620.00	141.77	97.62	140.00	183.00	
621.00	140.89	100.59	140.19	183.25	
622.00	140.08	102.75	140.15	183.19	
623.00	140.50	104.18	140.06	183.08	
624.00	142.26	105.42	139.82	182.77	
625.00	144.53	106.61	139.00	182.00	
626.00	148.21	108.51	138.56	181.42	
627.00	152.13	109.98	138.37	181.17	
628.00	155.75	111.48	138.10	180.83	
629.00	158.42	113.14	137.72	180.33	
630.00	161.23	114.98	137.00	179.00	
631.00	164.19	117.47	135.79	177.43	
632.00	167.42	119.94	135.74	177.36	
633.00	169.71	121.86	135.67	177.26	
634.00	170.43	122.42	135.59	177.16	
635.00	168.99	118.84	135.00	176.00	
636.00	169.33	117.70	133.55	174.10	
637.00	168.32	116.26	133.50	174.04	
638.00	166.19	113.03	133.55	174.10	
639.00	164.98	108.61	133.50	174.04	
640.00	164.62	104.59	133.00	173.00	
641.00	164.46	102.06	131.72	171.33	
642.00	162.22	98.75	132.10	171.83	
643.00	159.63	96.26	132.41	172.24	
644.00	157.42	95.56	132.59	172.46	
645.00	155.42	95.86	133.00	172.00	
646.00	152.81	96.36	132.85	171.81	
647.00	150.44	96.64	133.10	172.13	
648.00	148.45	96.84	133.41	172.53	
649.00	147.07	97.55	133.53	172.69	
650.00	146.15	98.69	134.00	173.00	
651.00	146.57	100.47	134.26	173.34	
652.00	147.72	102.19	134.17	173.22	
653.00	149.94	103.24	134.31	173.40	
654.00	153.66	103.66	134.39	173.50	
655.00	157.76	103.62	134.00	173.00	
656.00	162.85	103.67	134.37	173.48	
657.00	166.83	102.83	134.65	173.84	
658.00	169.89	101.99	134.97	174.25	
659.00	171.89	101.39	135.29	174.66	
660.00	172.82	100.94	136.00	176.00	
661.00	174.51	100.78	136.74	176.96	
662.00	174.27	98.78	137.18	177.52	
663.00	173.37	96.30	137.76	178.27	
664.00	172.74	94.09	138.29	178.96	
665.00	171.40	91.63	139.00	179.00	
666.00	168.25	89.41	141.20	181.83	
667.00	165.26	87.22	141.16	181.78	
668.00	163.18	85.80	141.42	182.11	
669.00	161.60	85.35	141.92	182.76	
670.00	159.96	85.67	142.00	183.00	
671.00	157.62	87.22	144.04	185.63	
672.00	155.56	88.26	143.89	185.43	
673.00	154.01	88.41	143.95	185.51	
674.00	152.21	88.19	144.60	186.35	
675.00	151.40	87.54	146.00	187.00	
676.00	151.73	86.88	148.49	190.19	
677.00	153.98	85.44	148.77	190.54	
678.00	157.59	83.61	149.40	191.36	
679.00	161.69	81.74	150.22	192.40	
680.00	166.94	79.89	153.00	196.00	
681.00	172.11	77.63	155.87	199.67	
682.00	176.28	75.60	155.56	199.28	
683.00	180.52	74.41	155.80	199.59	
684.00	184.66	74.56	156.00	199.85	
685.00	188.10	75.56	157.00	200.00	
686.00	189.83	77.14	159.17	202.76	
687.00	189.37	78.24	158.88	202.39	
688.00	187.95	78.68	158.78	202.27	
689.00	185.14	77.49	158.66	202.12	
690.00	180.61	74.20	158.00	202.00	
691.00	176.51	71.11	159.15	203.47	
692.00	170.92	68.29	158.54	202.69	
693.00	164.77	66.16	158.53	202.68	
694.00	159.84	65.26	158.43	202.56	
695.00	155.35	66.30	159.00	203.00	
696.00	151.20	67.74	159.16	203.20	
697.00	147.88	70.39	159.38	203.49	
698.00	145.49	74.03	159.49	203.62	
699.00	144.22	77.17	159.60	203.77	
700.00	144.50	78.95	161.00	204.00	
701.00	144.66	80.84	161.50	204.64	
702.00	145.34	81.92	161.57	204.73	
703.00	145.93	82.61	161.84	205.07	
704.00	146.54	83.48	162.04	205.31	
705.00	147.49	85.05	163.00	205.00	
706.00	149.46	87.07	163.54	205.68	
707.00	153.66	89.21	163.59	205.74	
708.00	161.03	91.68	163.67	205.84	
709.00	170.82	93.57	163.75	205.94	
710.00	182.05	94.54	164.00	206.00	
711.00	191.94	95.45	164.61	206.77	
712.00	201.21	95.89	164.57	206.71	
713.00	210.27	95.20	164.76	206.95	
714.00	217.63	94.25	164.93	207.17	
715.00	224.20	92.02	165.00	208.00	
716.00	228.89	89.62	165.86	209.08	
717.00	232.77	86.47	165.58	208.74	
718.00	236.36	82.76	165.11	208.14	
719.00	238.91	79.08	164.67	207.59	
720.00	241.13	76.24	164.00	207.00	
721.00	242.29	74.92	163.03	205.77	
722.00	242.50	75.49	162.56	205.18	
723.00	242.68	78.11	161.92	204.38	
724.00	243.71	82.76	160.83	202.99	
725.00	244.39	88.64	158.00	198.00	
726.00	244.80	94.83	155.18	194.47	
727.00	243.64	100.79	154.78	193.97	
728.00	241.62	106.21	153.94	192.91	
729.00	239.60	110.47	152.91	191.63	
730.00	237.18	113.69	150.00	187.00	
731.00	234.86	116.70	147.36	183.71	
732.00	233.87	120.08	147.78	184.23	
733.00	233.12	123.81	147.41	183.77	
734.00	232.75	126.59	146.90	183.13	
735.00	233.97	128.64	147.00	182.00	
736.00	236.51	130.46	145.23	179.81	
737.00	241.09	131.88	145.69	180.38	
738.00	248.07	133.22	145.79	180.50	
739.00	257.16	134.92	145.47	180.10	
740.00	267.38	136.80	145.00	179.00	
741.00	277.83	138.80	144.23	178.05	
742.00	289.03	140.79	144.37	178.22	
743.00	300.60	142.77	144.26	178.08	
744.00	312.29	145.03	144.01	177.78	
745.00	323.43	147.66	144.00	177.00	
746.00	333.62	150.74	143.07	175.86	
747.00	343.35	153.83	142.67	175.36	
748.00	352.87	157.02	142.02	174.57	
749.00	361.35	160.20	141.29	173.67	
750.00	368.61	163.06	140.00	173.00	
751.00	376.07	166.07	137.97	170.49	
752.00	383.08	169.25	137.87	170.37	
753.00	389.32	172.52	137.47	169.88	
754.00	394.86	175.64	136.98	169.27	
755.00	400.04	178.29	136.00	169.00	
756.00	404.48	179.77	133.67	166.10	
757.00	409.00	181.48	133.68	166.12	
758.00	413.64	184.03	133.42	165.79	
759.00	418.24	186.98	132.98	165.25	
760.00	422.44	189.76	131.00	163.00	
761.00	425.76	192.14	128.84	160.32	
762.00	428.97	194.79	129.06	160.59	
763.00	431.11	197.03	129.10	160.63	
764.00	432.05	198.98	129.05	160.57	
765.00	432.80	200.23	128.00	159.00	
766.00	432.88	201.23	126.70	157.39	
767.00	432.38	201.78	126.86	157.59	
768.00	430.62	202.06	126.63	157.30	
769.00	427.94	201.90	126.31	156.91	
770.00	424.76	200.93	126.00	156.00	
771.00	422.36	200.80	124.46	154.10	
772.00	419.33	200.56	124.37	153.98	
773.00	415.91	200.42	124.17	153.73	
774.00	412.68	200.43	123.89	153.39	
775.00	409.82	200.73	123.00	152.00	
776.00	407.03	201.19	121.95	150.71	
777.00	404.03	201.56	122.11	150.91	
778.00	400.91	201.86	122.13	150.93	
779.00	397.66	201.79	122.22	151.04	
780.00	394.79	201.81	122.00	151.00	
781.00	392.70	201.42	121.60	150.50	
782.00	390.90	201.00	121.63	150.54	
783.00	389.39	201.17	121.54	150.43	
784.00	387.76	201.43	121.49	150.36	
785.00	386.42	201.91	122.00	150.00	
786.00	385.07	202.41	121.66	149.58	
787.00	384.09	202.88	121.63	149.55	
788.00	382.81	203.48	121.64	149.55	
789.00	381.60	203.93	121.66	149.59	
790.00	380.39	204.36	122.00	150.00	
791.00	378.76	204.36	121.97	149.96	
792.00	377.71	204.96	121.84	149.80	
793.00	376.72	205.50	121.57	149.47	
794.00	375.10	205.94	121.33	149.17	
795.00	372.55	205.92	120.00	148.00	
796.00	371.08	205.98	119.58	147.48	
797.00	368.68	205.77	119.60	147.51	
798.00	366.13	205.61	119.51	147.39	
799.00	363.29	205.53	119.42	147.28	
800.00	360.85	205.47	119.00	148.00	
801.00	358.75	205.27	118.48	147.35	
802.00	356.93	205.00	118.47	147.34	
803.00	355.08	204.77	118.42	147.28	
804.00	353.29	204.26	118.40	147.25	
805.00	351.53	203.15	118.00	148.00	
806.00	350.63	202.10	117.72	147.65	
807.00	349.66	201.18	117.74	147.67	
808.00	348.67	200.66	117.72	147.65	
809.00	347.59	200.09	117.73	147.66	
810.00	346.50	199.51	118.00	147.00	
811.00	345.20	199.81	118.02	147.02	
812.00	344.03	199.89	118.05	147.06	
813.00	342.95	199.82	118.09	147.11	
814.00	342.52	199.88	118.10	147.12	
815.00	342.25	199.77	118.00	147.00	
816.00	341.33	200.06	118.08	147.10	
817.00	341.05	200.17	118.05	147.06	
818.00	341.04	200.23	117.99	146.99	
819.00	340.60	200.27	117.98	146.98	
820.00	340.11	200.52	118.00	147.00	
821.00	339.88	201.40	117.98	146.97	
822.00	339.50	202.08	117.95	146.93	
823.00	338.55	202.93	117.99	146.99	
824.00	337.66	203.44	118.05	147.06	
825.00	336.77	203.55	118.00	147.00	
826.00	335.59	203.81	118.08	147.10	
827.00	334.13	203.41	118.10	147.13	
828.00	332.51	202.41	118.08	147.10	
829.00	330.62	200.98	118.07	147.09	
830.00	327.73	199.55	118.00	147.00	
831.00	324.85	198.53	118.15	147.18	
832.00	320.11	197.37	118.17	147.21	
833.00	315.03	196.05	118.16	147.20	
834.00	309.99	194.78	118.19	147.24	
835.00	303.76	194.00	118.00	147.00	
836.00	297.90	193.70	118.17	147.21	
837.00	291.47	193.95	118.12	147.15	
838.00	284.98	194.35	118.13	147.17	
839.00	279.10	194.89	118.23	147.29	
840.00	274.40	195.61	119.00	147.00	
841.00	269.21	196.14	119.27	147.33	
842.00	264.98	196.14	119.37	147.45	
843.00	261.23	195.65	119.54	147.66	
844.00	258.06	194.58	119.79	147.98	
845.00	256.25	193.69	121.00	148.00	
846.00	253.99	193.18	121.75	148.92	
847.00	252.87	192.21	121.84	149.03	
848.00	252.46	191.23	122.00	149.22	
849.00	252.15	190.41	122.23	149.51	
850.00	252.08	190.12	123.00	150.00	
851.00	251.51	189.09	124.09	151.33	
852.00	251.29	187.94	124.07	151.31	
853.00	250.59	186.16	124.35	151.65	
854.00	249.75	183.13	124.63	151.98	
855.00	248.63	178.61	126.00	153.00	
856.00	247.91	174.73	127.49	154.81	
857.00	246.80	170.61	127.53	154.85	
858.00	245.07	167.02	127.72	155.09	
859.00	242.64	164.24	128.08	155.53	
860.00	239.65	162.37	128.00	157.00	
861.00	236.38	160.67	129.56	158.92	
862.00	232.33	158.95	129.36	158.66	
863.00	227.91	156.01	129.52	158.87	
864.00	223.54	152.25	129.85	159.27	
865.00	219.32	148.51	131.00	160.00	
866.00	214.56	145.99	132.26	161.54	
867.00	210.16	143.14	132.35	161.64	
868.00	206.23	141.25	132.66	162.03	
869.00	202.47	140.42	133.21	162.70	
870.00	199.28	140.64	135.00	164.00	
871.00	195.85	141.48	137.03	166.46	
872.00	193.25	143.00	137.00	166.43	
873.00	190.79	144.94	137.13	166.59	
874.00	188.17	146.16	137.55	167.10	
875.00	185.94	145.90	140.00	170.00	
876.00	182.99	145.36	142.31	172.80	
877.00	180.14	143.92	142.48	173.01	
878.00	177.53	141.86	142.87	173.48	
879.00	174.28	139.57	143.49	174.23	
880.00	171.54	136.80	144.00	176.00	
881.00	168.36	133.73	145.83	178.24	
882.00	164.27	130.20	145.62	177.98	
883.00	160.81	126.71	146.01	178.46	
884.00	156.92	123.61	146.89	179.53	
885.00	154.09	120.97	148.00	181.00	
886.00	152.65	118.02	150.70	184.30	
887.00	152.30	115.28	150.74	184.35	
888.00	153.37	112.81	151.07	184.75	
889.00	156.25	110.98	151.57	185.36	
890.00	161.12	110.02	154.00	188.00	
891.00	167.04	109.39	156.98	191.64	
892.00	176.09	108.75	156.84	191.47	
893.00	186.83	108.02	157.02	191.68	
894.00	198.23	106.57	157.37	192.11	
895.00	209.40	103.17	158.00	193.00	
896.00	218.82	98.64	160.72	196.33	
897.00	226.99	93.96	160.67	196.26	
898.00	231.65	90.07	160.84	196.47	
899.00	234.23	87.34	160.95	196.60	
900.00	233.88	85.42	162.00	199.00	
901.00	232.97	83.14	164.34	201.88	
902.00	231.16	81.03	164.41	201.96	
903.00	228.66	79.10	164.81	202.45	
904.00	224.81	77.34	165.21	202.94	
905.00	219.24	75.85	167.00	205.00	
906.00	214.15	74.39	169.59	208.17	
907.00	207.66	73.18	169.59	208.18	
908.00	201.18	72.46	170.11	208.82	
909.00	196.08	72.46	170.86	209.73	
910.00	194.06	73.61	172.00	210.00	
911.00	194.18	74.70	175.36	214.10	
912.00	196.19	76.17	175.72	214.54	
913.00	199.52	78.14	176.23	215.16	
914.00	203.20	80.06	176.72	215.77	
915.00	207.73	82.06	177.00	216.00	
916.00	211.92	83.85	179.72	219.32	
917.00	214.33	85.43	179.98	219.63	
918.00	215.49	87.22	180.74	220.56	
919.00	215.38	89.16	181.76	221.81	
920.00	214.74	90.38	183.00	223.00	
921.00	214.48	89.06	185.45	225.99	
922.00	213.05	85.17	185.89	226.52	
923.00	211.74	80.74	186.47	227.23	
924.00	210.61	78.13	187.15	228.05	
925.00	209.86	78.05	189.00	230.00	
926.00	209.48	77.98	191.62	233.18	
927.00	209.07	78.15	191.00	232.43	
928.00	208.69	78.24	190.80	232.19	
929.00	208.54	77.74	190.48	231.80	
930.00	208.73	76.91	190.00	231.00	
931.00	209.37	76.42	190.41	231.50	
932.00	210.48	76.52	189.79	230.75	
933.00	212.03	77.48	189.34	230.20	
934.00	214.29	79.42	188.93	229.70	
935.00	217.81	82.74	188.00	228.00	
936.00	221.94	86.28	187.31	227.16	
937.00	227.55	90.87	187.52	227.42	
938.00	234.86	96.32	187.59	227.51	
939.00	243.28	102.24	187.76	227.71	
940.00	253.34	108.62	188.00	227.00	
941.00	264.70	115.69	187.56	226.46	
942.00	277.67	123.26	187.59	226.51	
943.00	292.12	131.43	187.69	226.63	
944.00	307.74	139.66	187.49	226.39	
945.00	322.38	144.73	188.00	227.00	
946.00	336.14	151.33	187.38	226.25	
947.00	349.59	157.53	186.65	225.37	
948.00	360.53	161.48	186.04	224.63	
949.00	369.43	163.47	185.68	224.20	
950.00	377.37	165.93	185.00	223.00	
951.00	383.06	169.88	182.94	220.51	
952.00	387.43	173.54	182.77	220.31	
953.00	391.04	177.16	182.45	219.93	
954.00	394.82	180.99	182.03	219.42	
955.00	397.50	185.01	181.00	218.00	
956.00	399.58	189.12	179.39	216.06	
957.00	402.02	193.78	179.66	216.39	
958.00	403.84	199.01	179.46	216.15	
959.00	404.73	204.68	179.20	215.83	
960.00	403.85	210.60	178.00	215.00	
961.00	401.52	216.70	177.06	213.87	
962.00	397.81	223.17	177.54	214.44	
963.00	392.84	229.24	177.92	214.91	
964.00	386.95	235.79	178.12	215.15	
965.00	380.11	242.44	179.00	216.00	
966.00	373.01	248.52	179.34	216.42	
967.00	365.98	255.67	179.39	216.48	
968.00	359.16	263.97	179.50	216.60	
969.00	353.30	270.42	179.44	216.53	
970.00	350.20	271.85	179.00	208.00	
971.00	350.20	271.85	179.00	208.00	
972.00	340.74	282.52	178.16	207.02	
973.00	339.44	282.49	177.30	206.02	
974.00	338.11	282.52	176.68	205.30	
975.00	340.03	275.57	175.00	203.00	
976.00	340.03	275.57	175.00	203.00	
977.00	336.85	285.28	172.98	200.66	
978.00	336.67	290.45	172.53	200.13	
979.00	339.04	292.45	172.12	199.66	
980.00	342.23	292.75	172.00	187.00	
981.00	344.96	295.95	168.71	183.43	
982.00	348.32	298.61	167.03	181.60	
983.00	352.02	299.80	165.14	179.54	
984.00	355.92	299.83	163.56	177.83	
985.00	361.37	299.22	159.00	173.00	
986.00	365.89	297.89	153.40	166.90	
987.00	370.45	294.39	153.20	166.69	
988.00	374.59	288.39	152.18	165.58	
989.00	378.05	281.04	150.81	164.09	
990.00	381.26	273.46	149.00	163.00	
991.00	384.41	266.82	142.70	156.11	
992.00	387.08	261.37	143.30	156.76	
993.00	389.26	256.97	143.06	156.51	
994.00	390.72	254.46	141.76	155.08	
995.00	391.89	252.26	140.00	153.00	
996.00	392.75	250.05	135.08	147.62	
997.00	393.63	248.57	134.89	147.41	
998.00	394.14	246.84	134.47	146.96	
999.00	394.46	245.52	133.87	146.30	
1000.00	394.99	245.79	130.00	142.00	
1001.00	395.37	246.31	126.48	138.16	
1002.00	395.81	247.05	126.50	138.18	
1003.00	396.44	247.14	126.27	137.92	
1004.00	397.27	247.02	125.96	137.58	
1005.00	398.24	247.88	124.00	135.00	
1006.00	398.75	248.49	121.49	132.27	
1007.00	399.25	248.91	121.74	132.53	
1008.00	399.87	249.23	121.51	132.29	
1009.00	400.37	249.17	121.22	131.98	
1010.00	400.52	248.37	119.00	131.00	
1011.00	401.16	246.69	117.54	129.39	
1012.00	401.37	244.39	117.72	129.59	
1013.00	401.08	241.65	117.71	129.58	
1014.00	400.37	239.30	117.58	129.43	
1015.00	399.46	237.43	117.00	129.00	
1016.00	397.98	235.16	116.31	128.24	
1017.00	396.11	233.34	116.71	128.68	
1018.00	393.68	232.86	116.53	128.49	
1019.00	390.55	231.62	116.63	128.59	
1020.00	387.40	229.74	117.00	129.00	
1021.00	384.36	228.39	117.04	129.05	
1022.00	380.87	227.48	116.89	128.88	
1023.00	377.36	226.00	116.98	128.98	
1024.00	374.55	224.88	116.90	128.89	
1025.00	371.85	223.93	117.00	129.00	
1026.00	369.73	222.29	117.39	129.43	
1027.00	367.49	221.26	117.17	129.19	
1028.00	365.45	220.09	116.96	128.96	
1029.00	363.70	218.49	116.79	128.77	
1030.00	361.84	217.17	116.00	129.00	
1031.00	360.54	215.35	115.97	128.97	
1032.00	359.63	213.89	116.14	129.15	
1033.00	359.04	212.47	116.29	129.33	
1034.00	359.25	211.11	116.43	129.48	
1035.00	359.89	209.76	117.00	130.00	
1036.00	360.74	208.43	117.39	130.44	
1037.00	361.58	207.02	117.42	130.47	
1038.00	362.46	205.85	117.43	130.48	
1039.00	363.15	204.35	117.43	130.48	
1040.00	363.94	202.16	117.00	131.00	
1041.00	364.63	200.19	117.12	131.14	
1042.00	365.41	198.23	117.02	131.02	
1043.00	365.94	196.35	116.96	130.96	
1044.00	366.51	194.62	116.90	130.89	
1045.00	366.77	192.49	117.00	131.00	
1046.00	366.71	190.00	116.97	130.96	
1047.00	366.44	187.59	117.03	131.03	
1048.00	365.52	185.37	117.07	131.08	
1049.00	364.05	183.14	117.06	131.07	
1050.00	362.46	181.40	118.00	132.00	
1051.00	360.08	179.35	118.02	132.03	
1052.00	358.08	177.78	118.04	132.04	
1053.00	356.46	176.48	118.02	132.02	
1054.00	355.08	175.12	117.96	131.95	
1055.00	354.15	173.61	118.00	131.00	
1056.00	352.57	172.19	117.96	130.96	
1057.00	351.32	170.34	118.02	131.02	
1058.00	350.25	168.25	118.07	131.07	
1059.00	349.33	166.26	118.08	131.09	
1060.00	348.28	164.29	118.00	131.00	
1061.00	347.17	162.38	118.08	131.09	
1062.00	345.79	160.60	118.12	131.14	
1063.00	344.89	159.02	118.18	131.20	
1064.00	343.93	157.46	118.25	131.27	
1065.00	342.50	155.98	118.00	131.00	
1066.00	341.60	154.97	118.18	131.19	
1067.00	340.08	154.00	118.15	131.17	
1068.00	338.11	153.04	118.20	131.22	
1069.00	335.81	151.96	118.28	131.31	
1070.00	332.83	150.86	118.00	131.00	
1071.00	329.81	149.83	118.49	131.54	
1072.00	326.37	148.75	118.78	131.87	
1073.00	322.53	147.80	119.15	132.28	
1074.00	318.65	147.13	119.51	132.68	
1075.00	315.28	147.04	121.00	134.00	
1076.00	311.96	146.72	122.01	135.11	
1077.00	309.05	146.76	121.86	134.95	
1078.00	306.17	146.78	121.85	134.94	
1079.00	303.37	146.55	121.87	134.97	
1080.00	300.62	145.72	122.00	135.00	
1081.00	298.26	144.74	122.59	135.65	
1082.00	295.61	143.47	122.62	135.69	
1083.00	292.86	142.02	122.64	135.71	
1084.00	289.91	140.65	122.66	135.73	
1085.00	287.08	139.66	123.00	136.00	
1086.00	283.61	138.68	123.59	136.65	
1087.00	280.06	137.58	123.85	136.94	
1088.00	276.68	136.77	124.16	137.28	
1089.00	273.11	136.08	124.53	137.69	
1090.00	269.35	135.55	127.00	139.00	
1091.00	265.61	135.63	128.55	140.69	
1092.00	262.02	135.47	128.85	141.02	
1093.00	258.52	135.36	129.59	141.84	
1094.00	255.58	135.24	130.54	142.88	
1095.00	252.53	134.66	133.00	146.00	
1096.00	249.98	134.35	135.75	149.02	
1097.00	247.15	133.58	135.44	148.68	
1098.00	244.19	132.16	135.69	148.95	
1099.00	241.36	130.56	136.28	149.60	
1100.00	239.00	128.81	139.00	152.00	
1101.00	236.88	127.51	141.04	154.23	
1102.00	234.67	126.50	140.79	153.96	
1103.00	232.58	125.11	140.98	154.16	
1104.00	230.86	123.95	141.27	154.48	
1105.00	229.94	123.54	141.00	154.00	
1106.00	228.51	123.38	141.94	155.02	
1107.00	227.20	123.02	141.52	154.57	
1108.00	225.86	122.58	141.24	154.26	
1109.00	224.14	121.97	141.11	154.12	
1110.00	222.73	121.40	141.00	155.00	
1111.00	221.99	120.73	140.73	154.70	
1112.00	220.78	120.27	140.59	154.55	
1113.00	220.10	120.56	140.17	154.09	
1114.00	219.68	121.41	139.64	153.50	
1115.00	218.36	121.30	139.00	152.00	
1116.00	218.28	122.17	137.21	150.04	
1117.00	218.24	123.38	136.59	149.36	
1118.00	218.36	125.05	135.84	148.54	
1119.00	220.69	126.95	134.96	147.58	
1120.00	222.82	127.70	134.53	147.11	
1121.00	226.32	127.57	134.21	146.76	
1122.00	229.64	127.77	133.96	146.49	
1123.00	233.23	127.92	133.81	146.33	
1124.00	236.31	127.64	133.77	146.28	
1125.00	239.01	127.21	133.81	146.33	
1126.00	240.31	126.57	133.90	146.42	
1127.00	240.93	126.11	134.01	146.55	
1128.00	240.38	126.07	134.10	146.64	
1129.00	240.40	125.57	134.26	146.82	
1130.00	239.27	125.57	134.33	146.90	
1131.00	238.12	125.58	134.38	146.95	
1132.00	239.76	124.25	134.57	147.16	
1133.00	241.78	122.07	134.94	147.56	
1134.00	237.20	122.38	135.10	147.73	
1135.00	237.20	122.38	135.10	147.73	
1136.00	237.20	122.38	135.10	147.73	
1137.00	237.20	122.38	135.10	147.73	
1138.00	237.20	122.38	135.10	147.73	
1139.00	264.35	89.47	136.60	149.37	
1140.00	252.26	85.83	137.01	149.83	
1141.00	245.81	85.19	137.47	150.32	
1142.00	242.64	85.30	137.84	150.73	
1143.00	235.98	85.05	138.15	151.07	
1144.00	234.35	86.02	138.49	151.44	
1145.00	231.86	91.23	138.75	151.73	
