1.00	117.00	68.00	114.00	162.00	
2.00	116.59	66.79	114.00	162.00	
3.00	116.50	65.90	113.95	161.93	
4.00	116.51	65.28	113.91	161.88	
5.00	116.34	64.81	114.00	162.00	
6.00	115.99	64.77	113.94	161.91	
7.00	115.84	64.58	113.91	161.87	
8.00	115.86	64.04	113.89	161.84	
9.00	115.74	63.92	113.86	161.80	
10.00	115.43	64.49	114.00	162.00	
11.00	114.72	64.65	113.86	161.81	
12.00	114.26	65.33	113.84	161.78	
13.00	113.57	65.95	113.81	161.73	
14.00	112.45	66.62	113.77	161.68	
15.00	111.18	67.45	114.00	162.00	
16.00	109.44	67.76	113.80	161.72	
17.00	107.30	68.52	113.82	161.75	
18.00	104.85	69.50	113.81	161.73	
19.00	102.26	70.57	113.78	161.68	
20.00	99.33	71.53	114.00	161.00	
21.00	95.93	72.11	113.87	160.82	
22.00	93.01	72.18	113.90	160.85	
23.00	90.86	71.81	113.84	160.78	
24.00	89.12	71.26	113.79	160.71	
25.00	87.84	70.71	114.00	161.00	
26.00	87.56	70.70	113.81	160.73	
27.00	87.00	70.36	113.96	160.95	
28.00	86.81	69.75	114.09	161.13	
29.00	86.89	68.95	114.15	161.21	
30.00	87.13	67.82	114.00	161.00	
31.00	87.00	66.24	113.91	160.87	
32.00	86.37	64.59	113.99	160.99	
33.00	85.98	63.49	114.11	161.16	
34.00	85.91	63.16	114.22	161.32	
35.00	86.42	63.02	114.00	161.00	
36.00	86.51	63.19	114.15	161.21	
37.00	87.17	63.23	114.11	161.16	
38.00	87.69	62.94	114.23	161.33	
39.00	88.44	62.86	114.33	161.47	
40.00	89.59	62.73	114.00	162.00	
41.00	91.49	62.74	114.10	162.14	
42.00	93.28	62.87	113.98	161.98	
43.00	95.25	62.90	113.93	161.91	
44.00	97.40	62.79	113.93	161.90	
45.00	99.35	62.84	114.00	162.00	
46.00	100.93	62.68	114.03	162.04	
47.00	103.10	62.75	114.10	162.14	
48.00	105.58	62.77	114.13	162.18	
49.00	107.91	62.80	114.13	162.18	
50.00	109.66	62.87	114.00	162.00	
51.00	111.65	63.06	114.16	162.23	
52.00	113.38	63.31	114.30	162.42	
53.00	114.79	63.81	114.50	162.72	
54.00	116.11	64.45	114.79	163.13	
55.00	117.81	65.25	116.00	165.00	
56.00	119.20	66.21	116.86	166.23	
57.00	119.89	67.61	117.01	166.44	
58.00	120.08	68.59	117.32	166.88	
59.00	121.25	69.89	117.59	167.25	
60.00	121.79	71.75	118.00	168.00	
61.00	121.69	74.08	119.77	170.53	
62.00	121.70	75.94	120.06	170.94	
63.00	122.16	77.28	120.48	171.53	
64.00	123.57	77.61	120.47	171.51	
65.00	128.83	72.37	115.00	165.00	
66.00	127.61	73.57	117.16	168.11	
67.00	127.30	73.70	117.91	169.17	
68.00	127.49	74.43	118.47	169.98	
69.00	129.11	74.32	118.10	169.45	
70.00	131.45	75.10	116.00	165.00	
71.00	130.49	74.89	118.52	168.58	
72.00	130.69	74.71	118.42	168.45	
73.00	131.84	74.29	117.70	167.42	
74.00	131.84	74.29	117.70	167.42	
75.00	133.29	74.19	115.00	163.00	
76.00	132.60	73.50	115.75	164.06	
77.00	132.56	73.55	115.50	163.70	
78.00	132.34	73.54	115.41	163.58	
79.00	131.62	73.44	115.41	163.59	
80.00	130.49	73.37	116.00	164.00	
81.00	129.54	73.05	116.12	164.17	
82.00	128.38	72.89	116.01	164.02	
83.00	127.03	72.92	115.98	163.97	
84.00	125.79	72.94	115.97	163.96	
85.00	124.90	72.54	116.00	164.00	
86.00	123.98	72.81	116.10	164.14	
87.00	123.12	72.69	116.07	164.10	
88.00	122.70	72.03	115.88	163.83	
89.00	122.42	71.39	115.67	163.53	
90.00	121.32	72.46	116.00	164.00	
91.00	120.13	71.34	115.67	163.54	
92.00	119.54	72.07	115.59	163.42	
93.00	118.11	72.22	115.83	163.75	
94.00	116.84	72.64	115.86	163.80	
95.00	115.28	72.22	117.00	165.00	
96.00	114.12	71.77	117.26	165.37	
97.00	112.96	72.50	117.30	165.42	
98.00	112.06	73.10	117.18	165.25	
99.00	112.26	73.62	116.71	164.59	
100.00	112.39	73.94	117.00	164.00	
101.00	111.79	74.50	116.11	162.75	
102.00	111.30	74.78	115.92	162.49	
103.00	111.09	75.00	115.83	162.36	
104.00	111.09	75.00	115.83	162.36	
105.00	110.49	74.93	116.00	162.00	
106.00	110.00	74.89	115.61	161.45	
107.00	110.11	74.91	115.70	161.58	
108.00	110.00	75.43	115.58	161.42	
109.00	110.02	75.83	115.47	161.26	
110.00	110.11	75.97	115.00	161.00	
111.00	110.15	76.28	114.65	160.51	
112.00	110.24	76.60	114.72	160.61	
113.00	110.10	76.67	114.81	160.74	
114.00	109.82	76.56	114.96	160.94	
115.00	109.43	76.44	116.00	162.00	
116.00	108.72	76.17	116.17	162.24	
117.00	108.48	76.25	116.23	162.32	
118.00	108.43	76.41	116.29	162.40	
119.00	108.34	76.57	116.35	162.49	
120.00	108.31	76.55	117.00	162.00	
121.00	107.55	76.87	117.46	162.64	
122.00	107.10	76.97	117.51	162.71	
123.00	107.10	76.97	117.51	162.71	
124.00	107.10	76.97	117.51	162.71	
125.00	106.67	76.45	118.00	164.00	
126.00	106.76	75.77	118.38	164.52	
127.00	106.72	75.49	118.30	164.41	
128.00	106.52	75.46	118.32	164.45	
129.00	106.24	75.47	118.33	164.47	
130.00	106.19	75.80	119.00	164.00	
131.00	106.00	76.16	119.18	164.25	
132.00	105.68	76.11	119.23	164.32	
133.00	105.42	76.03	119.30	164.42	
134.00	104.99	75.66	119.50	164.70	
135.00	104.16	74.91	121.00	166.00	
136.00	103.14	75.24	121.80	167.09	
137.00	101.25	73.87	122.42	167.95	
138.00	98.85	72.41	123.37	169.25	
139.00	99.35	71.72	123.62	169.59	
140.00	101.24	71.54	124.00	169.00	
141.00	99.72	71.38	126.50	172.41	
142.00	99.52	71.39	126.15	171.93	
143.00	99.58	71.23	125.78	171.42	
144.00	99.17	70.89	125.51	171.05	
145.00	98.97	70.12	124.00	170.00	
146.00	98.91	69.38	124.63	170.86	
147.00	98.12	68.83	124.50	170.69	
148.00	97.46	68.82	124.41	170.56	
149.00	97.17	68.91	124.28	170.39	
150.00	102.26	73.03	118.00	162.00	
151.00	101.42	72.85	117.99	161.99	
152.00	101.03	72.85	117.96	161.94	
153.00	100.74	72.64	117.96	161.95	
154.00	100.49	72.16	117.94	161.92	
155.00	99.95	71.83	118.00	162.00	
156.00	99.76	71.76	118.02	162.02	
157.00	99.53	71.82	118.00	162.00	
158.00	99.20	71.82	118.02	162.02	
159.00	99.06	71.82	117.99	161.98	
160.00	99.07	71.88	118.00	162.00	
161.00	98.79	71.64	118.01	162.01	
162.00	98.59	71.54	118.04	162.05	
163.00	98.70	71.58	118.04	162.05	
164.00	98.77	71.59	118.04	162.05	
165.00	98.79	71.94	118.00	162.00	
166.00	99.24	72.18	118.02	162.02	
167.00	99.51	72.32	118.00	162.00	
168.00	99.70	72.54	117.94	161.92	
169.00	99.83	72.86	117.86	161.81	
170.00	99.91	72.98	118.00	162.00	
171.00	99.96	73.00	117.94	161.92	
172.00	99.98	72.90	118.01	162.01	
173.00	99.97	72.84	118.11	162.15	
174.00	99.97	72.93	118.18	162.25	
175.00	101.01	73.90	116.00	160.00	
176.00	101.01	73.90	116.00	160.00	
177.00	100.99	73.57	116.50	160.68	
178.00	100.92	75.42	116.39	160.53	
179.00	100.68	77.10	116.18	160.24	
180.00	100.33	78.39	116.00	160.00	
181.00	100.33	78.39	116.00	160.00	
182.00	100.33	78.39	116.00	160.00	
183.00	99.12	80.75	116.35	160.48	
184.00	98.97	81.78	116.51	160.70	
185.00	98.94	82.61	117.00	160.00	
186.00	98.94	82.61	117.00	160.00	
187.00	98.94	82.61	117.00	160.00	
188.00	99.30	83.49	117.45	160.61	
189.00	99.76	83.79	117.42	160.58	
190.00	100.09	83.65	117.00	160.00	
191.00	100.32	85.03	116.52	159.34	
192.00	100.46	85.33	116.30	159.05	
193.00	100.56	85.20	116.26	158.99	
194.00	100.76	85.12	116.39	159.16	
195.00	100.79	85.19	116.00	160.00	
196.00	101.03	84.91	116.08	160.11	
197.00	100.99	84.84	116.32	160.45	
198.00	100.95	85.23	116.33	160.45	
199.00	100.94	85.44	116.28	160.39	
200.00	101.08	85.72	116.00	160.00	
201.00	100.98	86.29	115.95	159.93	
202.00	100.94	86.54	115.80	159.73	
203.00	100.92	86.49	115.71	159.60	
204.00	100.88	86.48	115.66	159.53	
205.00	100.92	86.46	116.00	160.00	
206.00	100.86	86.19	115.77	159.68	
207.00	100.54	86.32	115.84	159.78	
208.00	100.28	86.77	115.79	159.72	
209.00	100.23	87.28	115.69	159.57	
210.00	100.09	88.43	115.00	159.00	
211.00	99.73	88.97	114.69	158.56	
212.00	99.51	89.76	114.74	158.64	
213.00	99.53	90.89	114.78	158.70	
214.00	99.69	92.42	114.84	158.77	
215.00	99.53	93.21	115.00	159.00	
216.00	99.98	93.26	115.18	159.24	
217.00	100.15	92.99	115.45	159.62	
218.00	99.98	92.64	115.58	159.80	
219.00	99.56	92.41	115.59	159.81	
220.00	99.30	91.86	116.00	160.00	
221.00	99.30	91.86	116.00	160.00	
222.00	99.30	91.86	116.00	160.00	
223.00	99.30	91.86	116.00	160.00	
224.00	98.76	81.40	116.48	160.66	
225.00	99.22	76.28	117.00	162.00	
226.00	99.33	71.77	117.59	162.82	
227.00	99.70	67.47	117.62	162.86	
228.00	100.39	63.68	117.49	162.67	
229.00	100.78	60.54	117.45	162.62	
230.00	101.72	58.25	116.00	161.00	
231.00	101.72	58.25	116.00	161.00	
232.00	101.97	56.82	115.94	160.91	
233.00	102.21	53.51	115.93	160.90	
234.00	102.27	51.76	115.94	160.92	
235.00	101.80	51.51	116.00	161.00	
236.00	101.80	51.51	116.00	161.00	
237.00	101.66	52.62	116.22	161.30	
238.00	101.88	51.81	116.24	161.33	
239.00	101.98	51.95	116.04	161.06	
240.00	102.41	52.02	115.00	159.00	
241.00	102.26	52.79	115.18	159.25	
242.00	102.49	53.42	115.16	159.22	
243.00	103.13	54.07	115.06	159.08	
244.00	103.88	54.79	115.06	159.09	
245.00	104.45	55.22	115.00	159.00	
246.00	104.73	55.80	115.09	159.13	
247.00	105.34	56.56	115.11	159.15	
248.00	105.94	57.45	115.16	159.22	
249.00	106.58	58.15	115.17	159.24	
250.00	107.19	58.81	115.00	159.00	
251.00	107.43	59.80	115.07	159.09	
252.00	107.61	60.43	115.00	159.00	
253.00	108.02	61.44	114.99	158.98	
254.00	108.34	62.56	114.98	158.97	
255.00	108.43	63.80	115.00	159.00	
256.00	107.97	64.90	114.98	158.97	
257.00	107.52	65.53	115.03	159.05	
258.00	107.32	66.07	115.08	159.11	
259.00	107.11	66.92	115.11	159.15	
260.00	106.72	67.82	115.00	159.00	
261.00	106.70	68.88	115.02	159.03	
262.00	106.63	69.89	114.98	158.97	
263.00	106.57	70.96	114.95	158.93	
264.00	106.54	71.72	114.93	158.90	
265.00	106.29	71.81	115.00	159.00	
266.00	105.96	72.35	115.00	159.00	
267.00	105.91	72.70	115.04	159.05	
268.00	105.78	72.84	115.10	159.14	
269.00	105.76	72.81	115.17	159.23	
270.00	105.79	72.80	115.00	159.00	
271.00	105.77	73.10	115.09	159.12	
272.00	105.57	73.30	115.09	159.12	
273.00	105.55	73.66	114.98	158.97	
274.00	105.03	73.89	115.06	159.08	
275.00	104.15	74.38	115.00	160.00	
276.00	103.85	74.41	114.99	159.99	
277.00	103.37	74.91	114.98	159.98	
278.00	102.66	75.39	114.97	159.96	
279.00	101.75	75.75	114.96	159.95	
280.00	102.66	76.17	115.00	161.00	
281.00	103.11	75.72	114.64	160.49	
282.00	102.60	75.91	114.40	160.17	
283.00	101.59	76.45	114.16	159.83	
284.00	100.85	77.11	114.06	159.68	
285.00	100.09	77.60	114.00	159.00	
286.00	99.14	78.27	113.72	158.62	
287.00	98.98	78.67	113.88	158.83	
288.00	98.82	78.57	113.97	158.96	
289.00	99.03	78.42	113.76	158.66	
290.00	99.41	78.09	114.00	158.00	
291.00	99.16	77.79	113.35	157.10	
292.00	98.79	78.10	113.15	156.82	
293.00	98.69	78.26	112.96	156.56	
294.00	98.45	78.52	112.76	156.28	
295.00	98.38	78.67	113.00	156.00	
296.00	98.10	79.13	112.48	155.28	
297.00	97.91	79.20	112.76	155.66	
298.00	97.57	79.08	112.90	155.86	
299.00	97.52	79.05	112.96	155.95	
300.00	97.62	79.12	113.00	156.00	
301.00	97.80	79.15	112.98	155.97	
302.00	97.64	79.20	112.95	155.93	
303.00	97.38	79.19	112.92	155.89	
304.00	97.30	79.55	112.88	155.84	
305.00	97.17	79.69	113.00	155.00	
306.00	96.85	80.06	112.98	154.97	
307.00	96.90	80.36	113.05	155.07	
308.00	96.89	80.30	113.11	155.16	
309.00	96.74	79.85	113.16	155.22	
310.00	96.68	79.29	113.00	156.00	
311.00	96.91	78.75	113.14	156.19	
312.00	96.74	78.57	113.12	156.17	
313.00	96.56	78.61	113.21	156.29	
314.00	96.56	78.61	113.21	156.29	
315.00	97.02	78.80	114.00	157.00	
316.00	96.50	79.00	114.63	157.87	
317.00	95.99	79.16	114.97	158.33	
318.00	95.87	78.97	115.39	158.92	
319.00	95.98	78.74	115.88	159.59	
320.00	94.80	78.88	116.00	160.00	
321.00	93.86	79.48	118.33	163.21	
322.00	92.22	80.80	119.00	164.14	
323.00	92.22	80.80	119.00	164.14	
324.00	93.37	79.23	119.68	165.08	
325.00	95.40	76.27	117.00	162.00	
326.00	95.40	76.27	117.00	162.00	
327.00	94.32	75.01	118.10	163.52	
328.00	93.59	74.33	117.64	162.88	
329.00	92.93	74.01	117.45	162.63	
330.00	92.57	74.07	117.00	162.00	
331.00	92.09	73.73	117.12	162.17	
332.00	91.13	73.75	117.08	162.11	
333.00	90.48	74.11	117.02	162.03	
334.00	89.71	74.04	117.01	162.02	
335.00	88.94	73.67	117.00	162.00	
336.00	88.48	73.96	117.00	162.00	
337.00	87.95	73.76	117.02	162.02	
338.00	87.27	73.61	117.00	162.01	
339.00	86.58	73.64	116.99	161.98	
340.00	85.98	73.91	117.00	162.00	
341.00	85.00	74.10	117.00	162.00	
342.00	83.42	74.67	117.01	162.01	
343.00	81.72	75.24	116.98	161.98	
344.00	79.73	75.99	116.99	161.98	
345.00	77.73	76.76	117.00	162.00	
346.00	75.82	77.16	117.00	162.00	
347.00	73.70	77.46	116.99	161.98	
348.00	71.94	77.47	117.00	162.00	
349.00	70.31	77.12	117.08	162.12	
350.00	69.30	76.78	117.00	162.00	
351.00	68.69	76.83	117.01	162.01	
352.00	68.10	77.03	116.96	161.95	
353.00	68.01	77.37	116.88	161.83	
354.00	67.91	77.63	116.75	161.65	
355.00	67.50	77.98	117.00	161.00	
356.00	66.84	77.22	117.00	161.00	
357.00	67.08	78.12	116.75	160.66	
358.00	67.10	79.39	116.54	160.36	
359.00	67.23	79.86	116.35	160.11	
360.00	67.47	79.57	116.00	159.00	
361.00	66.44	79.54	115.98	158.98	
362.00	66.44	79.54	115.98	158.98	
363.00	66.99	79.86	115.97	158.96	
364.00	67.08	79.50	116.04	159.05	
365.00	66.58	78.81	116.00	160.00	
366.00	67.19	78.59	116.29	160.40	
367.00	67.66	78.30	116.42	160.58	
368.00	68.25	78.30	116.39	160.53	
369.00	69.13	78.55	116.23	160.32	
370.00	70.16	78.39	116.00	161.00	
371.00	71.54	78.41	115.72	160.62	
372.00	72.75	78.46	115.54	160.36	
373.00	73.63	78.37	115.46	160.25	
374.00	74.25	78.44	115.42	160.19	
375.00	74.76	78.16	115.00	160.00	
376.00	75.66	77.93	114.69	159.57	
377.00	76.45	77.91	114.72	159.61	
378.00	77.41	78.02	114.66	159.52	
379.00	77.91	77.87	114.66	159.53	
380.00	78.66	77.81	114.00	159.00	
381.00	79.82	77.87	113.81	158.74	
382.00	80.42	77.24	113.95	158.93	
383.00	80.73	76.37	114.07	159.09	
384.00	81.30	75.05	114.15	159.21	
385.00	82.17	74.08	114.00	159.00	
386.00	82.65	72.96	114.10	159.14	
387.00	82.99	72.45	114.06	159.08	
388.00	83.46	72.26	114.00	159.00	
389.00	84.14	72.27	114.00	159.01	
390.00	84.48	71.58	115.00	159.00	
391.00	84.06	71.49	115.18	159.25	
392.00	83.91	71.09	115.36	159.50	
393.00	83.93	70.74	115.55	159.76	
394.00	83.67	70.47	115.74	160.02	
395.00	83.51	70.61	115.00	160.00	
396.00	83.47	70.70	115.80	161.11	
397.00	83.47	70.70	115.80	161.11	
398.00	83.47	70.70	115.80	161.11	
399.00	84.00	71.36	115.77	161.07	
400.00	85.11	70.17	116.00	161.00	
401.00	84.20	69.72	116.93	162.29	
402.00	83.20	68.68	117.36	162.89	
403.00	83.19	68.14	117.71	163.37	
404.00	83.19	68.14	117.71	163.37	
405.00	86.03	68.82	118.00	163.00	
406.00	86.55	69.14	119.14	164.58	
407.00	87.32	69.26	118.73	164.01	
408.00	87.91	69.22	118.50	163.69	
409.00	88.27	69.37	118.34	163.47	
410.00	92.35	68.22	117.00	161.00	
411.00	91.53	68.17	117.11	161.15	
412.00	91.81	67.83	117.15	161.21	
413.00	91.60	67.62	117.14	161.20	
414.00	91.31	67.78	117.09	161.12	
415.00	92.03	69.33	115.00	159.00	
416.00	91.83	69.59	115.00	159.00	
417.00	91.69	70.19	114.94	158.91	
418.00	91.33	70.96	114.95	158.93	
419.00	91.18	72.04	114.95	158.92	
420.00	91.11	73.52	115.00	158.00	
421.00	91.00	75.82	114.89	157.85	
422.00	90.63	77.38	114.89	157.85	
423.00	90.42	78.86	114.84	157.78	
424.00	90.31	80.42	114.78	157.69	
425.00	90.16	81.30	115.00	158.00	
426.00	89.93	81.38	114.88	157.83	
427.00	89.92	81.39	114.93	157.91	
428.00	90.17	81.53	114.91	157.87	
429.00	90.24	81.28	114.91	157.88	
430.00	90.05	80.95	115.00	158.00	
431.00	89.70	80.91	114.99	157.99	
432.00	89.71	80.95	115.02	158.02	
433.00	89.84	81.19	114.98	157.97	
434.00	89.84	81.48	114.95	157.93	
435.00	89.82	81.50	115.00	158.00	
436.00	89.82	81.50	115.00	158.00	
437.00	90.18	81.02	114.93	157.91	
438.00	90.32	80.91	114.94	157.91	
439.00	90.42	80.76	115.04	158.06	
440.00	90.48	80.70	115.00	158.00	
441.00	90.23	80.54	115.08	158.11	
442.00	90.29	80.34	115.16	158.22	
443.00	90.43	80.32	115.21	158.29	
444.00	90.51	80.21	115.30	158.41	
445.00	91.50	80.34	113.00	157.00	
446.00	91.50	80.34	113.00	157.00	
447.00	92.59	79.42	113.24	157.33	
448.00	92.68	80.24	113.04	157.06	
449.00	92.60	80.56	113.00	157.01	
450.00	92.55	80.54	112.00	156.00	
451.00	92.78	80.26	112.19	156.26	
452.00	92.99	81.60	111.93	155.90	
453.00	93.06	82.17	111.77	155.69	
454.00	93.02	82.79	111.59	155.43	
455.00	92.91	82.91	111.00	155.00	
456.00	92.91	82.91	111.00	155.00	
457.00	92.91	82.91	111.00	155.00	
458.00	92.77	83.80	110.99	154.99	
459.00	92.52	84.73	110.94	154.91	
460.00	92.11	84.82	111.00	155.00	
461.00	91.78	84.89	110.92	154.89	
462.00	91.63	84.84	110.98	154.97	
463.00	91.49	84.92	111.04	155.05	
464.00	91.10	85.17	111.11	155.16	
465.00	91.06	85.11	111.00	155.00	
466.00	91.08	85.26	111.11	155.15	
467.00	90.98	85.34	111.10	155.13	
468.00	90.85	85.36	111.11	155.15	
469.00	90.83	85.38	111.12	155.16	
470.00	90.75	85.47	111.00	155.00	
471.00	90.79	85.29	110.88	154.83	
472.00	90.86	85.73	110.76	154.67	
473.00	90.89	85.92	110.65	154.51	
474.00	90.88	85.96	110.57	154.40	
475.00	90.65	85.78	110.00	154.00	
476.00	90.87	85.74	109.87	153.82	
477.00	90.89	85.52	109.97	153.96	
478.00	90.77	85.51	110.00	154.00	
479.00	90.73	85.57	110.02	154.03	
480.00	90.81	85.25	110.00	154.00	
481.00	90.76	84.63	110.06	154.08	
482.00	90.80	84.23	110.16	154.22	
483.00	91.16	84.17	110.24	154.34	
484.00	91.28	84.27	110.32	154.45	
485.00	91.17	84.51	111.00	154.00	
486.00	91.09	85.35	111.18	154.25	
487.00	91.09	85.52	111.09	154.13	
488.00	91.06	85.59	110.99	153.99	
489.00	91.05	85.64	110.89	153.85	
490.00	91.03	85.61	111.00	153.00	
491.00	91.00	86.05	110.91	152.88	
492.00	90.95	86.19	110.92	152.89	
493.00	90.68	86.08	110.94	152.92	
494.00	90.59	85.78	110.96	152.94	
495.00	90.55	85.70	111.00	153.00	
496.00	90.96	85.97	110.95	152.94	
497.00	91.07	86.07	110.95	152.93	
498.00	91.07	86.09	110.92	152.89	
499.00	90.99	86.00	110.89	152.85	
500.00	90.93	85.91	111.00	153.00	
501.00	90.88	86.16	110.93	152.90	
502.00	90.97	86.49	110.99	152.98	
503.00	91.10	86.93	111.04	153.05	
504.00	91.17	87.39	111.10	153.14	
505.00	91.14	87.81	111.00	153.00	
506.00	90.99	88.17	111.11	153.15	
507.00	91.12	88.34	111.09	153.12	
508.00	91.24	88.34	111.08	153.11	
509.00	91.26	88.12	111.06	153.08	
510.00	91.50	87.98	111.00	153.00	
511.00	91.38	88.35	110.71	152.60	
512.00	91.24	88.86	110.45	152.24	
513.00	91.25	89.68	110.14	151.81	
514.00	91.40	90.36	109.87	151.45	
515.00	91.57	90.00	109.00	151.00	
516.00	92.02	90.92	107.89	149.46	
517.00	92.33	91.36	107.74	149.26	
518.00	92.75	91.24	107.60	149.06	
519.00	93.35	90.32	107.59	149.04	
520.00	93.68	89.78	107.00	149.00	
521.00	94.32	90.17	105.83	147.37	
522.00	94.54	90.88	105.67	147.14	
523.00	94.56	91.91	105.33	146.68	
524.00	94.56	92.38	104.95	146.15	
525.00	94.53	92.67	104.00	145.00	
526.00	94.94	93.53	102.73	143.22	
527.00	94.99	94.34	102.80	143.32	
528.00	94.78	95.30	102.62	143.07	
529.00	94.75	96.34	102.27	142.59	
530.00	94.29	97.12	102.00	142.00	
531.00	93.82	97.88	100.96	140.55	
532.00	93.77	98.20	101.10	140.74	
533.00	93.84	98.21	101.17	140.84	
534.00	93.90	97.99	101.31	141.04	
535.00	94.09	97.70	102.00	141.00	
536.00	94.14	97.59	101.93	140.90	
537.00	93.92	97.52	102.18	141.25	
538.00	93.83	97.67	102.32	141.44	
539.00	93.83	98.12	102.39	141.54	
540.00	93.67	98.23	102.00	142.00	
541.00	93.89	98.05	102.19	142.27	
542.00	93.92	97.95	102.14	142.20	
543.00	93.72	97.65	102.19	142.27	
544.00	93.61	97.56	102.24	142.34	
545.00	93.55	97.52	102.00	142.00	
546.00	93.94	97.99	102.14	142.20	
547.00	94.01	98.20	102.09	142.12	
548.00	93.78	98.23	102.07	142.10	
549.00	93.69	98.21	102.05	142.08	
550.00	93.40	98.41	102.00	142.00	
551.00	92.76	98.15	102.00	142.00	
552.00	92.36	98.19	101.96	141.95	
553.00	92.32	98.33	101.92	141.89	
554.00	92.40	98.41	101.88	141.84	
555.00	92.03	97.99	102.00	142.00	
556.00	91.83	97.84	101.94	141.92	
557.00	91.79	97.76	101.99	141.99	
558.00	91.70	97.68	102.00	142.00	
559.00	91.64	97.84	102.00	141.99	
560.00	91.62	98.08	102.00	142.00	
561.00	92.03	98.21	102.02	142.02	
562.00	92.15	98.27	102.05	142.07	
563.00	92.03	98.41	102.10	142.13	
564.00	91.95	98.55	102.15	142.21	
565.00	92.07	98.78	102.00	142.00	
566.00	92.09	99.35	102.14	142.19	
567.00	92.15	99.77	102.10	142.14	
568.00	92.37	100.24	102.12	142.17	
569.00	92.68	100.70	102.18	142.26	
570.00	92.90	100.96	102.00	142.00	
571.00	93.07	101.01	102.17	142.23	
572.00	93.10	100.91	102.14	142.19	
573.00	93.10	100.74	102.13	142.19	
574.00	93.14	100.74	102.16	142.23	
575.00	93.31	101.06	102.00	142.00	
576.00	92.96	101.62	102.12	142.17	
577.00	92.98	102.22	102.20	142.27	
578.00	93.05	102.86	102.30	142.42	
579.00	92.98	103.60	102.43	142.60	
580.00	92.98	105.41	103.00	144.00	
581.00	92.82	107.31	103.52	144.73	
582.00	92.51	110.81	103.52	144.73	
583.00	92.14	116.47	103.57	144.80	
584.00	91.37	123.64	103.65	144.91	
585.00	90.13	132.65	103.65	144.91	
586.00	88.70	143.58	103.52	144.72	
587.00	88.70	143.58	103.52	144.72	
588.00	88.70	143.58	103.52	144.72	
589.00	88.70	143.58	103.52	144.72	
590.00	134.52	144.60	103.57	144.79	
591.00	151.18	141.93	103.43	144.59	
592.00	151.18	141.93	103.43	144.59	
593.00	151.18	141.93	103.43	144.59	
594.00	151.18	141.93	103.43	144.59	
595.00	141.31	84.89	103.15	144.21	
596.00	124.32	57.41	102.78	143.70	
597.00	118.73	48.64	102.42	143.20	
598.00	120.44	47.17	102.04	142.65	
599.00	122.50	51.18	101.65	142.11	
600.00	123.95	53.33	101.23	141.52	
601.00	123.95	53.33	101.23	141.52	
602.00	123.95	53.33	101.23	141.52	
603.00	134.15	73.57	100.83	140.96	
604.00	128.58	66.96	100.52	140.53	
605.00	124.67	63.81	100.22	140.11	
606.00	123.10	62.70	99.93	139.70	
607.00	124.48	62.81	99.64	139.30	
608.00	126.30	63.21	99.35	138.90	
609.00	125.66	64.63	99.08	138.52	
610.00	125.00	66.63	98.83	138.17	
611.00	125.41	67.53	98.57	137.80	
612.00	125.85	66.33	98.29	137.42	
613.00	126.71	65.44	98.02	137.04	
614.00	126.45	65.10	97.74	136.64	
615.00	126.69	64.90	97.46	136.26	
616.00	127.20	66.03	97.25	135.97	
617.00	127.30	66.63	97.07	135.71	
618.00	127.53	64.30	96.84	135.39	
619.00	109.99	115.33	96.83	135.37	
620.00	83.95	150.07	96.99	135.60	
621.00	88.85	159.09	97.15	135.82	
622.00	83.41	157.40	97.38	136.15	
623.00	78.52	153.74	97.53	136.36	
624.00	81.36	146.88	97.72	136.62	
625.00	79.53	148.23	97.84	136.79	
626.00	80.67	145.79	97.99	136.99	
627.00	80.20	145.54	97.95	136.94	
628.00	80.09	145.55	97.98	136.98	
629.00	78.49	147.28	98.02	137.04	
630.00	79.01	148.85	98.10	137.15	
631.00	77.39	149.78	98.16	137.23	
632.00	93.33	149.15	98.20	137.29	
633.00	102.38	149.34	98.21	137.30	
634.00	105.00	149.38	98.23	137.33	
635.00	104.91	149.29	98.26	137.38	
636.00	103.79	149.14	98.31	137.44	
637.00	102.32	149.12	98.36	137.51	
638.00	105.92	148.77	98.40	137.57	
639.00	84.51	148.80	98.49	137.69	
640.00	96.94	148.65	98.54	137.76	
641.00	83.70	148.93	98.62	137.88	
642.00	75.75	149.36	98.65	137.92	
643.00	74.53	149.46	98.75	138.06	
644.00	75.12	149.49	98.83	138.17	
645.00	98.47	148.69	98.90	138.27	
646.00	108.78	148.49	98.93	138.31	
647.00	88.84	148.18	99.00	138.41	
648.00	77.13	148.09	99.06	138.49	
649.00	73.65	148.08	99.12	138.58	
650.00	74.36	149.03	99.06	138.49	
651.00	75.63	150.18	98.99	138.39	
652.00	76.71	149.39	98.97	138.37	
653.00	103.02	82.83	100.00	139.00	
654.00	102.32	84.61	99.45	138.23	
655.00	102.90	83.00	100.00	139.00	
656.00	102.79	82.89	100.03	139.05	
657.00	102.50	83.04	100.14	139.19	
658.00	102.33	83.20	100.26	139.36	
659.00	102.03	83.35	100.56	139.78	
660.00	101.95	83.31	101.00	140.00	
661.00	101.79	83.15	101.54	140.75	
662.00	101.72	82.92	101.58	140.81	
663.00	101.70	82.90	101.75	141.04	
664.00	101.66	82.84	102.04	141.44	
665.00	101.31	82.85	103.00	143.00	
666.00	101.30	82.97	103.85	144.19	
667.00	101.27	82.85	103.78	144.09	
668.00	101.12	82.76	103.82	144.14	
669.00	100.87	82.74	103.93	144.29	
670.00	100.42	83.12	105.00	145.00	
671.00	99.24	83.24	105.80	146.10	
672.00	98.19	83.44	105.85	146.18	
673.00	97.01	83.55	106.13	146.56	
674.00	95.31	83.75	106.57	147.17	
675.00	92.84	84.45	107.00	148.00	
676.00	89.86	86.12	109.28	151.16	
677.00	86.39	88.05	110.00	152.15	
678.00	83.59	91.95	110.53	152.88	
679.00	83.59	91.95	110.53	152.88	
680.00	87.68	86.97	112.00	155.00	
681.00	83.51	90.35	115.62	160.01	
682.00	81.76	89.51	115.93	160.44	
683.00	81.04	87.93	115.82	160.28	
684.00	80.84	86.56	115.13	159.34	
685.00	79.64	86.04	113.00	156.00	
686.00	78.32	85.50	114.28	157.77	
687.00	76.56	85.04	113.94	157.30	
688.00	74.58	84.77	113.82	157.13	
689.00	72.88	84.03	113.66	156.92	
690.00	71.33	83.71	114.00	157.00	
691.00	70.08	83.83	114.27	157.37	
692.00	69.29	83.79	114.06	157.08	
693.00	68.68	84.07	113.81	156.74	
694.00	68.32	84.26	113.55	156.38	
695.00	67.51	84.46	113.00	157.00	
696.00	67.38	83.49	112.70	156.58	
697.00	67.48	83.94	112.52	156.33	
698.00	67.19	84.73	112.35	156.10	
699.00	66.63	85.38	112.18	155.86	
700.00	65.78	85.60	111.00	155.00	
701.00	67.18	85.38	110.13	153.79	
702.00	67.37	84.83	110.15	153.81	
703.00	66.94	84.80	110.20	153.88	
704.00	68.03	86.60	109.67	153.14	
705.00	69.75	87.31	109.00	152.00	
706.00	70.05	86.58	108.44	151.23	
707.00	69.84	86.12	108.91	151.87	
708.00	69.75	85.99	109.16	152.22	
709.00	70.02	86.14	109.16	152.22	
710.00	69.51	84.54	109.00	153.00	
711.00	69.84	84.59	109.22	153.30	
712.00	69.70	84.22	109.31	153.43	
713.00	69.72	84.02	109.32	153.44	
714.00	69.81	83.87	109.27	153.38	
715.00	70.57	84.15	108.00	153.00	
716.00	71.59	84.27	107.69	152.56	
717.00	71.97	84.39	107.48	152.27	
718.00	71.97	84.39	107.48	152.27	
719.00	71.97	84.39	107.48	152.27	
720.00	71.48	84.24	108.00	152.00	
721.00	70.89	83.84	107.89	151.85	
722.00	70.80	83.76	107.99	151.99	
723.00	70.98	83.70	108.14	152.20	
724.00	71.25	83.44	108.27	152.38	
725.00	71.24	82.98	109.00	153.00	
726.00	71.41	82.92	109.26	153.37	
727.00	72.29	82.91	109.17	153.23	
728.00	73.42	82.85	109.09	153.13	
729.00	74.53	82.44	109.07	153.09	
730.00	75.59	82.16	109.00	153.00	
731.00	77.14	81.69	109.07	153.09	
732.00	78.43	81.47	109.08	153.11	
733.00	79.45	81.09	109.23	153.32	
734.00	80.64	80.88	109.40	153.56	
735.00	82.18	80.83	110.00	154.00	
736.00	83.52	80.62	110.39	154.54	
737.00	84.90	80.21	110.33	154.47	
738.00	85.94	79.36	110.37	154.52	
739.00	87.20	78.68	110.45	154.62	
740.00	88.28	78.41	111.00	156.00	
741.00	88.55	77.87	111.37	156.52	
742.00	89.13	77.82	111.25	156.35	
743.00	89.70	77.96	111.18	156.26	
744.00	89.88	77.90	111.18	156.25	
745.00	89.83	77.22	111.00	157.00	
746.00	90.03	76.35	111.27	157.38	
747.00	90.03	75.38	111.33	157.47	
748.00	89.75	74.24	111.47	157.66	
749.00	89.49	72.84	111.67	157.95	
750.00	89.46	71.52	112.00	158.00	
751.00	88.81	71.12	112.66	158.94	
752.00	88.72	71.10	112.58	158.82	
753.00	88.91	71.37	112.57	158.81	
754.00	88.94	71.69	112.62	158.88	
755.00	88.85	71.71	113.00	159.00	
756.00	88.84	71.91	113.56	159.79	
757.00	88.80	72.08	113.52	159.73	
758.00	88.70	72.16	113.58	159.82	
759.00	88.49	72.43	113.70	159.99	
760.00	88.06	73.48	114.00	161.00	
761.00	87.61	74.36	114.58	161.82	
762.00	86.99	76.29	114.63	161.88	
763.00	86.15	78.45	114.84	162.18	
764.00	86.27	80.66	114.85	162.20	
765.00	86.44	82.61	115.00	162.00	
766.00	85.24	84.04	115.76	163.07	
767.00	83.99	84.93	116.06	163.49	
768.00	82.95	85.80	116.48	164.08	
769.00	81.97	86.54	117.01	164.83	
770.00	81.51	86.99	117.61	165.68	
771.00	81.40	88.08	118.09	166.35	
772.00	81.37	82.30	118.47	166.89	
773.00	82.24	83.97	118.56	167.01	
774.00	82.88	89.78	118.56	167.02	
775.00	83.16	112.23	119.05	167.70	
776.00	82.76	122.05	119.47	168.29	
777.00	83.02	88.17	119.33	168.10	
778.00	83.57	75.67	119.09	167.76	
779.00	84.48	81.79	118.82	167.38	
780.00	83.17	78.62	119.01	167.66	
781.00	82.81	80.25	119.07	167.73	
782.00	82.47	87.62	119.30	168.06	
783.00	80.82	95.13	119.76	168.71	
784.00	82.46	113.30	120.07	169.15	
785.00	76.00	119.23	120.69	170.02	
786.00	75.85	78.82	121.35	170.95	
787.00	76.26	59.89	122.03	171.90	
788.00	76.53	54.96	122.66	172.79	
789.00	75.68	58.61	123.37	173.79	
790.00	76.13	62.40	123.94	174.59	
791.00	76.51	64.32	124.47	175.35	
792.00	75.42	63.25	125.09	176.22	
793.00	75.02	63.54	125.64	177.00	
794.00	74.81	63.66	126.19	177.76	
795.00	74.69	63.61	126.74	178.54	
796.00	74.60	62.34	127.30	179.33	
797.00	74.77	62.99	127.86	180.12	
798.00	75.90	63.82	128.35	180.81	
799.00	76.71	70.43	128.81	181.45	
800.00	77.89	73.72	129.15	181.93	
801.00	78.22	72.65	129.54	182.49	
802.00	79.07	71.51	129.89	182.97	
803.00	79.54	70.87	130.27	183.51	
804.00	79.48	70.58	130.73	184.16	
805.00	79.22	68.04	131.18	184.80	
806.00	79.23	66.78	131.66	185.46	
807.00	79.25	66.47	132.12	186.11	
808.00	80.63	68.13	132.44	186.57	
809.00	80.59	68.93	132.88	187.19	
810.00	80.14	66.82	133.29	187.76	
811.00	81.49	74.68	133.63	188.24	
812.00	82.55	79.02	133.97	188.73	
813.00	84.64	94.36	134.81	189.91	
814.00	86.23	99.97	135.57	190.98	
815.00	88.61	97.94	136.21	191.88	
816.00	91.32	92.89	136.67	192.53	
817.00	93.65	85.75	137.01	193.01	
818.00	94.93	78.70	137.31	193.43	
819.00	101.39	90.30	137.07	193.09	
820.00	105.70	95.43	136.79	192.69	
821.00	109.14	94.33	136.42	192.18	
822.00	111.73	91.99	136.12	191.75	
823.00	114.46	90.34	135.81	191.31	
824.00	116.29	88.58	135.33	190.64	
825.00	118.09	87.21	134.96	190.11	
826.00	119.59	86.69	134.70	189.75	
827.00	121.63	85.23	134.37	189.29	
828.00	121.63	85.23	134.37	189.29	
829.00	121.63	85.23	134.37	189.29	
830.00	125.07	93.16	133.53	188.11	
831.00	127.93	100.38	133.02	187.39	
832.00	129.61	102.29	132.59	186.78	
833.00	132.93	103.37	132.03	185.99	
834.00	132.93	103.37	132.03	185.99	
835.00	132.93	103.37	132.03	185.99	
836.00	132.93	103.37	132.03	185.99	
837.00	136.93	100.21	130.48	183.80	
838.00	135.87	102.16	130.01	183.15	
839.00	135.98	103.73	129.46	182.38	
840.00	136.07	105.41	128.93	181.62	
841.00	134.93	105.57	128.40	180.88	
842.00	134.98	106.12	127.80	180.03	
843.00	127.30	83.69	127.86	180.12	
844.00	127.30	83.69	127.86	180.12	
845.00	131.50	92.15	127.36	179.41	
846.00	131.50	92.15	127.36	179.41	
847.00	131.50	92.15	127.36	179.41	
848.00	131.50	92.15	127.36	179.41	
849.00	131.50	92.15	127.36	179.41	
850.00	131.50	92.15	127.36	179.41	
851.00	131.50	92.15	127.36	179.41	
852.00	131.50	92.15	127.36	179.41	
853.00	131.50	92.15	127.36	179.41	
854.00	131.50	92.15	127.36	179.41	
855.00	131.50	92.15	127.36	179.41	
856.00	131.50	92.15	127.36	179.41	
857.00	131.50	92.15	127.36	179.41	
858.00	131.50	92.15	127.36	179.41	
859.00	131.50	92.15	127.36	179.41	
860.00	131.50	92.15	127.36	179.41	
861.00	131.50	92.15	127.36	179.41	
862.00	131.50	92.15	127.36	179.41	
863.00	131.50	92.15	127.36	179.41	
864.00	131.50	92.15	127.36	179.41	
865.00	103.92	71.33	127.41	179.48	
866.00	104.67	72.89	127.46	179.56	
867.00	107.13	75.47	127.51	179.63	
868.00	108.81	77.03	127.61	179.77	
869.00	108.81	77.03	127.61	179.77	
870.00	109.13	77.47	127.75	179.97	
871.00	107.66	77.14	127.78	180.01	
872.00	107.66	77.14	127.78	180.01	
873.00	107.66	77.14	127.78	180.01	
874.00	107.66	77.14	127.78	180.01	
875.00	107.66	77.14	127.78	180.01	
876.00	107.66	77.14	127.78	180.01	
877.00	107.66	77.14	127.78	180.01	
878.00	107.66	77.14	127.78	180.01	
879.00	107.66	77.14	127.78	180.01	
880.00	84.66	76.68	128.07	180.41	
881.00	85.62	78.89	128.12	180.48	
882.00	91.32	84.11	128.06	180.40	
883.00	91.32	84.11	128.06	180.40	
884.00	91.32	84.11	128.06	180.40	
885.00	91.32	84.11	128.06	180.40	
886.00	91.32	84.11	128.06	180.40	
887.00	91.32	84.11	128.06	180.40	
888.00	91.32	84.11	128.06	180.40	
889.00	91.32	84.11	128.06	180.40	
890.00	91.32	84.11	128.06	180.40	
891.00	91.32	84.11	128.06	180.40	
892.00	91.32	84.11	128.06	180.40	
