1.00	117.00	56.00	82.00	98.00	
2.00	117.26	55.50	82.00	98.00	
3.00	117.35	54.99	81.96	97.96	
4.00	117.32	54.24	81.89	97.87	
5.00	117.13	53.76	82.00	98.00	
6.00	117.08	53.63	82.00	98.00	
7.00	117.41	53.31	82.13	98.15	
8.00	118.16	53.14	82.15	98.18	
9.00	118.16	53.14	82.15	98.18	
10.00	119.29	52.96	82.17	98.20	
11.00	119.29	52.96	82.17	98.20	
12.00	119.29	52.96	82.17	98.20	
13.00	119.29	52.96	82.17	98.20	
14.00	119.29	52.96	82.17	98.20	
15.00	119.29	52.96	82.17	98.20	
16.00	119.29	52.96	82.17	98.20	
17.00	118.19	51.84	81.56	97.47	
18.00	118.19	51.84	81.56	97.47	
19.00	116.48	51.02	81.53	97.43	
20.00	116.20	49.99	81.61	97.54	
21.00	116.39	49.27	81.72	97.67	
22.00	116.17	49.19	81.79	97.75	
23.00	115.36	49.91	81.60	97.52	
24.00	114.54	50.49	81.43	97.32	
25.00	113.58	51.09	81.29	97.15	
26.00	112.87	51.88	81.11	96.94	
27.00	112.69	52.63	80.90	96.69	
28.00	112.69	52.99	80.73	96.48	
29.00	112.50	53.35	80.48	96.18	
30.00	112.27	54.19	80.12	95.76	
31.00	111.90	55.78	79.00	94.00	
32.00	111.46	55.88	78.21	93.06	
33.00	110.21	55.68	78.46	93.36	
34.00	109.03	55.77	78.51	93.42	
35.00	108.07	55.52	79.00	93.00	
36.00	106.66	55.44	78.92	92.91	
37.00	105.50	55.71	79.12	93.14	
38.00	104.87	55.79	79.32	93.38	
39.00	104.87	56.11	79.42	93.50	
40.00	105.04	56.55	80.00	93.00	
41.00	104.76	57.04	80.44	93.51	
42.00	104.74	57.14	80.37	93.43	
43.00	103.60	57.58	80.30	93.35	
44.00	102.59	57.69	80.27	93.31	
45.00	101.50	57.23	81.00	94.00	
46.00	100.38	56.57	81.27	94.31	
47.00	99.31	56.10	81.33	94.39	
48.00	98.32	55.55	81.38	94.44	
49.00	97.81	55.22	81.35	94.40	
50.00	97.82	55.42	81.00	95.00	
51.00	98.32	54.78	81.33	95.39	
52.00	100.00	54.06	81.44	95.51	
53.00	101.52	53.45	81.53	95.62	
54.00	102.30	53.05	81.62	95.73	
55.00	102.28	53.41	82.00	96.00	
56.00	102.34	53.08	82.28	96.33	
57.00	102.79	52.63	82.11	96.13	
58.00	102.90	51.90	82.02	96.02	
59.00	102.60	50.85	82.04	96.04	
60.00	102.69	49.62	82.12	96.14	
61.00	103.10	49.42	82.18	96.21	
62.00	104.42	50.06	82.18	96.21	
63.00	106.94	50.15	82.14	96.16	
64.00	110.60	49.36	82.13	96.16	
65.00	114.37	47.98	82.07	96.08	
66.00	117.54	46.80	81.98	95.98	
67.00	119.88	45.87	81.87	95.85	
68.00	121.25	44.22	81.78	95.74	
69.00	122.02	43.01	81.67	95.61	
70.00	122.88	42.69	81.56	95.48	
71.00	122.88	42.69	81.56	95.48	
72.00	125.60	44.58	81.44	95.34	
73.00	127.02	45.86	81.43	95.33	
74.00	127.70	47.01	81.46	95.37	
75.00	127.63	48.00	81.41	95.31	
76.00	127.34	49.05	81.42	95.32	
77.00	127.11	49.78	81.45	95.36	
78.00	126.40	50.34	81.43	95.33	
79.00	125.51	50.96	81.51	95.42	
80.00	124.76	51.04	81.55	95.48	
81.00	123.89	51.01	81.60	95.54	
82.00	123.17	51.21	81.55	95.47	
83.00	122.50	51.55	81.44	95.34	
84.00	122.50	51.55	81.44	95.34	
85.00	122.50	51.55	81.44	95.34	
86.00	122.50	51.55	81.44	95.34	
87.00	122.50	51.55	81.44	95.34	
88.00	120.20	51.66	80.81	94.61	
89.00	120.20	51.66	80.81	94.61	
90.00	119.90	52.57	81.17	95.03	
91.00	119.47	53.12	81.20	95.06	
92.00	119.02	54.02	81.15	95.01	
93.00	118.88	54.09	81.06	94.90	
94.00	119.34	53.49	81.06	94.90	
95.00	119.72	52.60	81.03	94.87	
96.00	119.66	52.14	80.93	94.75	
97.00	119.42	51.71	80.82	94.62	
98.00	119.42	51.71	80.82	94.62	
99.00	119.02	51.25	80.76	94.55	
100.00	118.66	52.01	80.65	94.42	
101.00	118.64	52.24	80.48	94.22	
102.00	119.16	51.97	80.36	94.08	
103.00	119.76	51.50	80.24	93.94	
104.00	120.33	51.20	80.12	93.80	
105.00	120.93	50.96	79.95	93.60	
106.00	120.93	50.96	79.95	93.60	
107.00	123.46	50.83	79.79	93.41	
108.00	123.46	50.83	79.79	93.41	
109.00	124.89	50.89	79.72	93.34	
110.00	124.75	51.04	79.69	93.30	
111.00	124.39	51.18	79.69	93.29	
112.00	124.39	51.18	79.69	93.29	
113.00	124.39	51.18	79.69	93.29	
114.00	124.39	51.18	79.69	93.29	
115.00	124.39	51.18	79.69	93.29	
116.00	124.39	51.18	79.69	93.29	
117.00	124.39	51.18	79.69	93.29	
118.00	123.52	50.60	79.92	93.56	
119.00	122.94	50.29	79.97	93.63	
120.00	122.04	49.94	79.97	93.63	
121.00	121.29	50.08	79.91	93.56	
122.00	121.26	50.72	79.98	93.64	
123.00	121.36	51.02	80.00	93.66	
124.00	121.36	51.02	80.00	93.66	
125.00	121.36	51.02	80.00	93.66	
126.00	121.36	51.02	80.00	93.66	
127.00	121.36	51.02	80.00	93.66	
128.00	121.36	51.02	80.00	93.66	
129.00	121.36	51.02	80.00	93.66	
130.00	121.36	51.02	80.00	93.66	
131.00	121.36	51.02	80.00	93.66	
132.00	121.36	51.02	80.00	93.66	
133.00	121.36	51.02	80.00	93.66	
134.00	121.36	51.02	80.00	93.66	
135.00	123.56	51.80	79.69	93.29	
136.00	123.56	51.75	79.67	93.27	
137.00	123.48	51.78	79.64	93.23	
138.00	123.85	51.63	79.58	93.17	
139.00	123.85	51.63	79.58	93.17	
140.00	123.85	51.63	79.58	93.17	
141.00	123.85	51.63	79.58	93.17	
142.00	123.85	51.63	79.58	93.17	
143.00	124.42	51.69	79.28	92.82	
144.00	124.09	51.87	79.12	92.63	
145.00	124.05	52.07	78.91	92.38	
146.00	125.01	52.21	78.63	92.05	
147.00	126.28	52.35	78.26	91.63	
148.00	126.20	52.29	77.94	91.25	
149.00	125.88	52.24	77.67	90.93	
150.00	125.51	52.64	77.53	90.77	
151.00	125.13	52.79	77.46	90.69	
152.00	124.39	53.60	77.46	90.68	
153.00	124.22	53.33	77.58	90.83	
154.00	123.71	53.82	77.60	90.85	
155.00	123.71	53.82	77.60	90.85	
156.00	123.46	53.25	77.64	90.90	
157.00	123.70	53.43	77.68	90.95	
158.00	123.62	53.61	77.65	90.91	
159.00	123.59	53.34	77.60	90.85	
160.00	123.64	52.95	77.47	90.70	
161.00	123.71	52.83	77.33	90.53	
162.00	123.67	52.83	77.22	90.40	
163.00	123.61	52.86	77.13	90.30	
164.00	123.53	52.97	77.07	90.23	
165.00	123.41	53.52	77.08	90.24	
166.00	123.14	53.57	77.04	90.20	
167.00	122.99	53.54	77.01	90.16	
168.00	123.05	53.57	76.96	90.10	
169.00	123.63	53.63	76.91	90.04	
170.00	123.73	53.70	76.83	89.95	
171.00	123.71	53.84	76.73	89.83	
172.00	123.64	53.90	76.66	89.75	
173.00	123.53	53.94	76.64	89.73	
174.00	123.31	54.56	76.70	89.80	
175.00	123.31	55.42	76.83	89.95	
176.00	123.31	55.42	76.83	89.95	
177.00	123.03	55.94	77.17	90.34	
178.00	123.03	55.94	77.17	90.34	
179.00	123.03	55.94	77.17	90.34	
180.00	123.03	55.94	77.17	90.34	
181.00	123.03	55.94	77.17	90.34	
182.00	121.73	53.66	77.16	90.34	
183.00	121.90	53.58	77.37	90.57	
184.00	122.18	53.74	77.61	90.86	
185.00	122.33	53.81	77.85	91.14	
186.00	122.30	53.21	78.02	91.34	
187.00	122.17	53.17	78.23	91.58	
188.00	122.05	53.28	78.43	91.82	
189.00	121.98	53.33	78.63	92.06	
190.00	122.02	53.33	78.83	92.29	
191.00	122.04	53.33	79.03	92.52	
192.00	121.67	53.66	79.11	92.61	
193.00	121.67	53.66	79.11	92.61	
194.00	121.39	53.41	79.20	92.72	
195.00	121.51	53.42	79.33	92.88	
196.00	121.34	53.44	79.41	92.97	
197.00	121.34	53.44	79.41	92.97	
198.00	121.34	53.44	79.41	92.97	
199.00	121.34	53.44	79.41	92.97	
200.00	121.34	53.44	79.41	92.97	
201.00	121.34	53.44	79.41	92.97	
202.00	121.34	53.44	79.41	92.97	
203.00	121.34	53.44	79.41	92.97	
204.00	121.34	53.44	79.41	92.97	
205.00	121.34	53.44	79.41	92.97	
206.00	121.34	53.44	79.41	92.97	
207.00	120.17	51.65	79.81	93.43	
208.00	119.31	51.48	79.86	93.49	
209.00	119.04	51.62	79.98	93.64	
210.00	119.04	51.62	79.98	93.64	
211.00	119.04	51.62	79.98	93.64	
212.00	119.04	51.62	79.98	93.64	
213.00	119.04	51.62	79.98	93.64	
214.00	119.04	51.62	79.98	93.64	
215.00	119.04	51.62	79.98	93.64	
216.00	127.44	50.74	80.07	93.73	
217.00	127.44	50.74	80.07	93.73	
218.00	127.44	50.74	80.07	93.73	
219.00	127.44	50.74	80.07	93.73	
220.00	129.29	51.92	80.47	94.21	
221.00	129.11	51.63	80.62	94.39	
222.00	128.81	51.26	80.75	94.54	
223.00	128.81	51.26	80.75	94.54	
224.00	128.81	51.26	80.75	94.54	
225.00	128.81	51.26	80.75	94.54	
226.00	129.16	50.20	80.97	94.80	
227.00	129.20	50.31	81.02	94.85	
228.00	128.69	49.86	81.01	94.84	
229.00	128.36	49.61	81.00	94.83	
230.00	128.36	49.61	81.00	94.83	
231.00	128.44	49.25	81.04	94.88	
232.00	127.94	49.05	81.04	94.87	
233.00	127.65	48.99	81.01	94.84	
234.00	127.40	48.93	80.99	94.82	
235.00	127.40	48.78	80.99	94.82	
236.00	127.26	48.59	81.00	94.83	
237.00	127.00	48.39	81.01	94.84	
238.00	126.32	47.81	80.96	94.79	
239.00	126.32	47.81	80.96	94.79	
240.00	126.32	47.81	80.96	94.79	
241.00	125.45	47.19	80.86	94.67	
242.00	125.35	47.05	80.84	94.64	
243.00	125.41	47.02	80.81	94.61	
244.00	125.47	46.96	80.87	94.67	
245.00	125.45	46.80	80.97	94.79	
246.00	125.30	46.70	81.05	94.88	
247.00	125.30	46.70	81.05	94.88	
248.00	124.59	46.94	81.04	94.88	
249.00	124.48	47.03	81.05	94.89	
250.00	124.21	47.05	81.06	94.90	
251.00	123.94	47.04	81.04	94.88	
252.00	123.72	46.99	81.06	94.90	
253.00	123.55	46.82	81.17	95.03	
254.00	123.55	46.82	81.17	95.03	
255.00	123.55	46.82	81.17	95.03	
256.00	123.55	46.82	81.17	95.03	
257.00	122.35	45.43	81.68	95.62	
258.00	121.94	45.85	81.74	95.69	
259.00	121.94	45.85	81.74	95.69	
260.00	121.52	46.33	81.80	95.76	
261.00	121.35	46.38	81.82	95.79	
262.00	121.35	46.38	81.82	95.79	
263.00	121.03	46.74	81.71	95.66	
264.00	121.03	46.74	81.71	95.66	
265.00	120.97	48.11	81.51	95.42	
266.00	120.97	48.11	81.51	95.42	
267.00	120.97	48.11	81.51	95.42	
268.00	120.84	48.24	81.36	95.25	
269.00	120.82	47.91	81.39	95.29	
270.00	120.82	47.91	81.39	95.29	
271.00	120.82	47.91	81.39	95.29	
272.00	120.82	47.91	81.39	95.29	
273.00	120.82	47.91	81.39	95.29	
274.00	120.82	47.91	81.39	95.29	
275.00	120.82	47.91	81.39	95.29	
276.00	120.82	47.91	81.39	95.29	
277.00	120.82	47.91	81.39	95.29	
278.00	120.82	47.91	81.39	95.29	
279.00	120.82	47.91	81.39	95.29	
280.00	120.18	46.20	81.50	95.42	
281.00	120.25	46.70	81.46	95.37	
282.00	120.25	46.70	81.46	95.37	
283.00	120.25	46.70	81.46	95.37	
284.00	120.48	47.27	81.04	94.88	
285.00	120.77	47.65	80.94	94.76	
286.00	120.77	47.65	80.94	94.76	
287.00	120.77	47.65	80.94	94.76	
288.00	120.77	47.65	80.94	94.76	
289.00	120.77	47.65	80.94	94.76	
290.00	120.77	47.65	80.94	94.76	
291.00	120.77	47.65	80.94	94.76	
292.00	124.33	48.87	80.48	94.22	
293.00	124.33	48.87	80.48	94.22	
294.00	124.33	48.87	80.48	94.22	
295.00	124.33	48.87	80.48	94.22	
296.00	123.48	50.90	80.41	94.13	
297.00	123.48	50.90	80.41	94.13	
298.00	121.46	51.01	80.19	93.88	
299.00	119.99	51.32	80.02	93.68	
300.00	118.46	52.10	79.99	93.65	
301.00	116.76	52.37	79.91	93.55	
302.00	115.35	52.30	79.86	93.50	
303.00	114.20	52.00	79.77	93.39	
304.00	113.61	51.78	79.65	93.25	
305.00	113.46	51.67	79.53	93.11	
306.00	113.60	51.53	79.46	93.03	
307.00	113.74	51.52	79.32	92.87	
308.00	113.94	51.50	79.20	92.72	
309.00	113.99	51.58	79.07	92.57	
310.00	113.64	51.69	78.96	92.44	
311.00	112.87	52.26	78.98	92.46	
312.00	111.84	52.66	78.97	92.46	
313.00	110.61	52.69	78.91	92.38	
314.00	108.95	52.91	78.70	92.14	
315.00	107.56	53.04	78.54	91.94	
316.00	105.59	53.73	78.40	91.78	
317.00	103.58	54.80	78.24	91.60	
318.00	101.54	55.92	78.09	91.42	
319.00	100.40	56.80	77.97	91.29	
320.00	98.98	57.90	77.84	91.13	
321.00	97.64	58.85	77.76	91.04	
322.00	97.64	58.85	77.76	91.04	
323.00	97.64	58.85	77.76	91.04	
324.00	97.64	58.85	77.76	91.04	
325.00	97.64	58.85	77.76	91.04	
326.00	97.64	58.85	77.76	91.04	
327.00	97.64	58.85	77.76	91.04	
328.00	97.64	58.85	77.76	91.04	
329.00	103.67	45.32	76.97	90.12	
330.00	101.29	47.83	76.82	89.94	
331.00	100.32	49.99	76.72	89.82	
332.00	100.32	49.99	76.72	89.82	
333.00	101.01	51.34	76.57	89.64	
334.00	100.67	51.86	76.45	89.51	
335.00	99.15	51.12	76.36	89.40	
336.00	96.97	50.03	76.27	89.29	
337.00	94.64	49.74	76.18	89.19	
338.00	92.58	49.80	76.08	89.07	
339.00	90.59	48.92	75.96	88.93	
340.00	88.71	49.19	75.89	88.85	
341.00	86.83	49.50	75.83	88.78	
342.00	85.79	49.84	75.78	88.72	
343.00	85.10	50.02	75.71	88.64	
344.00	85.10	50.02	75.71	88.64	
345.00	85.40	49.93	75.58	88.49	
346.00	85.18	49.82	75.50	88.40	
347.00	84.98	49.72	75.43	88.31	
348.00	84.88	49.71	75.36	88.22	
349.00	84.87	49.66	75.29	88.14	
350.00	84.87	49.66	75.29	88.14	
351.00	86.00	49.75	75.17	88.00	
352.00	87.26	49.80	75.11	87.93	
353.00	88.56	49.73	75.05	87.86	
354.00	90.30	49.80	74.99	87.79	
355.00	91.76	49.82	74.92	87.71	
356.00	93.23	49.83	74.85	87.63	
357.00	93.34	49.78	74.79	87.55	
358.00	93.10	49.66	74.72	87.48	
359.00	92.85	49.58	74.65	87.40	
360.00	92.76	48.48	74.58	87.31	
361.00	93.82	47.65	74.52	87.24	
362.00	95.29	47.08	74.44	87.15	
363.00	97.00	46.07	74.34	87.03	
364.00	100.04	45.33	74.27	86.95	
365.00	103.59	45.11	74.18	86.85	
366.00	107.65	45.15	74.07	86.72	
367.00	110.94	45.40	73.94	86.56	
368.00	115.20	45.54	73.82	86.42	
369.00	120.91	45.72	73.71	86.30	
370.00	120.91	45.72	73.71	86.30	
371.00	120.91	45.72	73.71	86.30	
372.00	120.91	45.72	73.71	86.30	
373.00	120.91	45.72	73.71	86.30	
374.00	120.91	45.72	73.71	86.30	
375.00	120.91	45.72	73.71	86.30	
376.00	120.91	45.72	73.71	86.30	
377.00	133.90	48.90	73.71	86.30	
378.00	133.90	48.90	73.71	86.30	
379.00	133.90	48.90	73.71	86.30	
380.00	144.90	50.90	73.71	86.30	
381.00	144.90	50.90	73.71	86.30	
382.00	144.90	50.90	73.71	86.30	
383.00	144.90	50.90	73.71	86.30	
384.00	144.90	50.90	73.71	86.30	
385.00	144.90	50.90	73.71	86.30	
386.00	144.90	50.90	73.71	86.30	
387.00	144.90	50.90	73.71	86.30	
388.00	149.32	46.49	72.20	84.52	
389.00	141.49	46.79	72.07	84.38	
390.00	133.44	47.97	71.93	84.21	
391.00	124.96	49.14	71.75	84.00	
392.00	117.63	49.61	71.61	83.83	
393.00	110.72	49.57	71.47	83.68	
394.00	105.13	49.51	71.35	83.53	
395.00	99.71	49.50	71.12	83.26	
396.00	95.96	49.33	70.90	83.01	
397.00	95.96	49.33	70.90	83.01	
398.00	92.59	49.79	70.64	82.70	
399.00	92.59	49.79	70.64	82.70	
400.00	90.12	50.40	70.44	82.46	
401.00	90.12	50.40	70.44	82.46	
402.00	90.12	50.40	70.44	82.46	
403.00	85.20	51.12	69.80	81.72	
404.00	85.20	51.12	69.80	81.72	
405.00	85.20	51.12	69.80	81.72	
406.00	85.20	51.12	69.80	81.72	
407.00	83.23	54.39	69.38	81.23	
408.00	83.23	54.39	69.38	81.23	
409.00	79.67	55.74	69.00	80.78	
410.00	78.02	56.99	68.72	80.45	
411.00	78.77	56.64	68.54	80.25	
412.00	81.38	57.19	68.48	80.17	
413.00	82.67	57.52	68.42	80.10	
414.00	82.89	57.99	68.37	80.04	
415.00	82.63	58.20	68.32	79.99	
416.00	82.31	58.36	68.28	79.93	
417.00	81.47	58.42	68.27	79.93	
418.00	81.67	58.47	68.23	79.88	
419.00	81.23	58.38	68.25	79.90	
420.00	81.58	58.40	68.25	79.90	
421.00	82.42	58.43	68.20	79.84	
422.00	82.91	58.40	68.16	79.80	
423.00	82.55	58.25	68.17	79.81	
424.00	82.51	58.21	68.13	79.76	
425.00	80.03	57.85	67.81	79.39	
426.00	79.41	57.67	67.54	79.07	
427.00	80.16	57.57	67.28	78.76	
428.00	81.42	57.51	67.02	78.46	
429.00	81.38	57.43	66.76	78.16	
430.00	82.45	57.91	66.55	77.91	
431.00	83.56	57.67	66.28	77.59	
432.00	84.04	57.45	65.98	77.24	
433.00	84.16	57.77	65.75	76.98	
434.00	84.13	58.36	65.59	76.79	
435.00	85.26	58.65	65.42	76.58	
436.00	85.31	58.28	65.12	76.24	
437.00	85.17	58.49	64.91	76.00	
438.00	86.16	58.72	64.70	75.74	
439.00	86.08	59.21	64.54	75.56	
440.00	85.86	59.51	64.37	75.36	
441.00	84.49	59.27	64.04	74.97	
442.00	83.71	59.68	63.75	74.64	
443.00	83.36	60.58	63.53	74.38	
444.00	82.63	61.59	63.33	74.14	
445.00	81.17	61.50	62.95	73.70	
446.00	81.74	61.79	62.69	73.40	
447.00	81.74	61.38	62.31	72.94	
448.00	81.72	61.71	61.94	72.51	
449.00	81.67	62.49	61.60	72.11	
450.00	81.63	62.90	61.23	71.68	
451.00	77.95	60.62	60.71	71.07	
452.00	77.15	59.22	60.29	70.58	
453.00	76.75	59.03	59.83	70.04	
454.00	76.80	60.39	59.34	69.47	
455.00	76.89	60.64	58.84	68.89	
456.00	76.92	61.14	58.35	68.31	
457.00	78.10	61.17	57.94	67.84	
458.00	78.10	61.15	57.46	67.27	
459.00	79.26	62.15	57.06	66.80	
460.00	80.44	63.29	56.66	66.34	
461.00	81.34	64.26	56.28	65.89	
462.00	82.20	65.20	55.92	65.46	
463.00	83.09	66.08	55.57	65.06	
464.00	84.29	66.09	55.19	64.61	
465.00	85.41	66.89	54.90	64.27	
466.00	86.43	67.60	54.66	63.99	
467.00	87.31	68.22	54.44	63.74	
468.00	88.24	68.47	54.21	63.46	
469.00	88.96	69.12	54.13	63.37	
470.00	88.82	68.38	53.85	63.04	
471.00	89.74	69.01	53.75	62.93	
472.00	89.59	69.17	53.53	62.67	
473.00	89.34	69.21	53.31	62.42	
474.00	89.84	69.95	53.21	62.29	
475.00	89.45	70.06	53.03	62.08	
476.00	90.07	70.06	52.79	61.81	
477.00	90.87	70.90	52.70	61.70	
478.00	91.62	71.64	52.69	61.69	
479.00	91.40	71.61	52.58	61.55	
480.00	89.96	71.37	52.52	61.48	
481.00	90.13	71.76	52.45	61.41	
482.00	90.28	72.45	52.43	61.38	
483.00	90.33	72.81	52.41	61.36	
484.00	90.42	72.43	52.34	61.27	
485.00	89.83	72.37	52.41	61.36	
486.00	89.37	72.39	52.49	61.46	
487.00	89.90	72.39	52.59	61.57	
488.00	89.62	72.56	52.67	61.66	
489.00	89.59	72.23	52.71	61.70	
490.00	89.61	72.57	52.78	61.79	
491.00	90.93	73.05	52.90	61.93	
492.00	90.73	73.25	53.08	62.14	
493.00	90.73	72.41	53.12	62.18	
494.00	90.60	72.40	53.20	62.29	
495.00	90.38	72.48	53.31	62.41	
496.00	89.69	72.64	53.40	62.51	
497.00	89.29	72.14	53.47	62.60	
498.00	88.50	72.14	53.66	62.82	
499.00	89.22	72.54	53.69	62.86	
500.00	88.71	71.64	53.48	62.62	
501.00	87.07	70.85	53.17	62.25	
502.00	84.64	68.78	52.79	61.81	
503.00	82.35	65.82	52.36	61.31	
504.00	81.01	65.24	51.96	60.83	
505.00	81.71	65.10	51.54	60.34	
506.00	83.03	65.18	51.16	59.89	
507.00	84.43	65.28	50.77	59.43	
508.00	85.66	65.30	50.40	59.00	
509.00	87.32	65.23	50.03	58.58	
510.00	88.61	65.15	49.69	58.18	
511.00	90.23	65.00	49.36	57.79	
512.00	91.57	64.91	49.04	57.41	
513.00	93.23	64.82	48.74	57.06	
514.00	95.66	64.53	48.52	56.80	
515.00	97.34	64.39	48.28	56.53	
516.00	98.58	63.92	48.03	56.23	
517.00	100.24	63.70	47.78	55.94	
518.00	101.56	63.63	47.55	55.67	
519.00	103.28	63.63	47.33	55.41	
520.00	104.66	63.67	47.11	55.16	
521.00	106.38	63.67	46.91	54.92	
522.00	108.96	63.55	46.72	54.70	
523.00	111.83	64.28	46.57	54.52	
524.00	114.74	64.76	46.41	54.34	
525.00	116.44	65.21	46.31	54.22	
526.00	117.59	64.65	46.15	54.03	
527.00	119.10	65.17	46.03	53.89	
528.00	121.53	65.75	45.90	53.73	
529.00	123.43	66.63	45.74	53.55	
530.00	125.94	66.88	45.57	53.35	
531.00	127.60	67.78	45.43	53.18	
532.00	130.67	68.90	45.28	53.01	
533.00	132.67	69.03	45.12	52.83	
534.00	134.46	69.89	44.99	52.67	
535.00	136.95	70.78	44.85	52.51	
536.00	138.42	71.84	44.69	52.32	
537.00	137.73	73.90	44.59	52.20	
538.00	137.22	74.67	44.51	52.11	
539.00	136.31	76.95	44.38	51.96	
540.00	136.66	77.94	44.23	51.78	
541.00	140.19	76.91	44.17	51.71	
542.00	141.47	77.15	44.03	51.55	
543.00	142.33	77.43	43.90	51.39	
544.00	143.09	77.46	43.80	51.28	
545.00	143.90	77.30	43.75	51.22	
546.00	136.06	80.95	43.40	50.81	
547.00	132.50	83.73	43.11	50.47	
548.00	131.92	85.30	42.85	50.17	
549.00	133.84	86.13	42.60	49.87	
550.00	136.43	86.71	42.36	49.59	
551.00	139.05	86.41	42.06	49.24	
552.00	143.27	86.36	41.83	48.97	
553.00	146.34	86.72	41.57	48.67	
554.00	146.40	88.77	41.31	48.37	
555.00	147.27	89.84	41.05	48.06	
556.00	148.24	90.77	40.80	47.76	
557.00	150.50	91.48	40.60	47.53	
558.00	152.88	91.69	40.40	47.30	
559.00	154.49	91.20	40.16	47.01	
560.00	156.80	91.32	39.98	46.80	
561.00	156.74	92.73	39.85	46.65	
562.00	157.70	94.65	39.75	46.53	
563.00	158.88	95.67	39.58	46.33	
564.00	158.38	97.69	39.50	46.24	
565.00	158.70	99.72	39.44	46.17	
566.00	158.18	100.68	39.34	46.05	
567.00	158.59	102.64	39.26	45.96	
568.00	158.22	103.66	39.15	45.83	
569.00	158.93	105.04	38.91	45.55	
570.00	159.99	107.56	38.66	45.26	
571.00	161.18	109.43	38.37	44.92	
572.00	162.19	111.75	38.13	44.64	
573.00	171.41	113.69	37.99	44.47	
574.00	178.43	117.24	37.80	44.25	
575.00	180.97	117.74	37.65	44.08	
576.00	178.56	114.75	37.53	43.93	
577.00	167.75	112.14	37.32	43.70	
578.00	161.84	110.08	37.24	43.60	
579.00	141.32	107.64	37.16	43.50	
580.00	131.16	104.14	37.07	43.40	
581.00	128.97	101.24	37.01	43.33	
582.00	130.47	99.53	36.97	43.28	
583.00	160.62	69.32	36.86	43.15	
584.00	160.62	69.32	36.86	43.15	
585.00	159.85	96.71	36.57	42.81	
586.00	161.27	102.33	36.45	42.67	
587.00	160.71	102.65	36.31	42.51	
588.00	160.11	102.23	36.15	42.32	
589.00	159.14	102.47	36.00	42.15	
590.00	159.36	102.89	35.85	41.97	
591.00	159.68	103.73	35.71	41.81	
592.00	159.17	104.73	35.56	41.63	
593.00	165.50	103.83	35.48	41.54	
594.00	162.37	104.15	35.38	41.42	
595.00	159.47	104.36	35.26	41.29	
596.00	159.12	104.62	35.12	41.12	
597.00	159.58	104.31	34.92	40.88	
598.00	160.53	104.55	34.78	40.72	
599.00	161.56	105.34	34.66	40.58	
600.00	161.30	105.71	34.54	40.43	
601.00	166.01	106.04	34.44	40.32	
602.00	169.04	106.18	34.37	40.24	
603.00	168.95	107.59	34.35	40.22	
604.00	168.23	108.36	34.34	40.20	
605.00	167.02	109.94	34.33	40.20	
606.00	165.79	110.80	34.24	40.09	
607.00	164.67	111.56	34.17	40.00	
608.00	165.02	110.99	34.14	39.97	
609.00	165.48	109.95	34.03	39.85	
610.00	165.78	108.88	33.84	39.62	
611.00	166.60	107.81	33.67	39.42	
612.00	163.89	106.64	33.74	39.50	
613.00	163.55	106.74	33.80	39.57	
614.00	163.75	106.95	33.88	39.67	
615.00	163.94	107.09	33.96	39.76	
616.00	163.85	108.24	34.08	39.89	
617.00	163.75	108.47	34.15	39.98	
618.00	163.42	108.54	34.24	40.08	
619.00	164.44	107.79	34.26	40.10	
620.00	166.04	106.56	34.28	40.13	
621.00	165.02	106.68	34.32	40.18	
622.00	163.30	107.11	34.36	40.22	
623.00	164.35	107.39	34.38	40.24	
624.00	165.94	107.55	34.38	40.25	
625.00	164.45	108.05	34.51	40.40	
626.00	164.02	108.24	34.55	40.45	
627.00	164.07	108.19	34.58	40.48	
628.00	164.19	108.20	34.60	40.51	
629.00	165.94	108.13	34.57	40.47	
630.00	168.46	108.18	34.54	40.43	
631.00	169.49	108.10	34.49	40.37	
632.00	170.03	107.99	34.49	40.38	
633.00	168.76	107.64	34.60	40.51	
634.00	168.71	107.19	34.78	40.72	
635.00	168.68	106.48	34.98	40.95	
636.00	168.57	106.66	35.24	41.26	
637.00	168.77	105.57	35.29	41.31	
638.00	166.68	105.31	35.58	41.65	
639.00	166.36	104.59	35.74	41.84	
640.00	164.21	103.05	35.97	42.12	
641.00	162.26	101.46	35.96	42.10	
642.00	160.29	101.08	35.93	42.06	
643.00	154.88	99.99	36.13	42.30	
644.00	160.11	101.62	36.41	42.63	
645.00	145.19	100.90	36.56	42.80	
646.00	135.53	101.72	36.84	43.13	
647.00	134.57	102.25	36.98	43.29	
648.00	135.04	103.53	37.16	43.51	
649.00	135.91	105.14	37.41	43.80	
650.00	135.67	106.42	37.66	44.09	
651.00	133.95	107.48	37.87	44.34	
652.00	134.53	108.16	38.17	44.69	
653.00	145.75	109.15	38.29	44.83	
654.00	149.50	109.85	38.54	45.12	
655.00	148.62	110.77	38.85	45.49	
656.00	148.97	112.27	38.98	45.63	
657.00	148.30	114.12	39.29	46.00	
658.00	148.71	115.09	39.58	46.33	
659.00	152.60	115.76	39.74	46.53	
660.00	151.50	116.34	40.14	47.00	
661.00	151.15	116.64	40.51	47.42	
662.00	151.86	116.94	40.89	47.87	
663.00	151.10	116.88	41.34	48.40	
664.00	149.57	116.63	41.87	49.02	
665.00	119.57	93.21	42.03	49.21	
666.00	131.26	103.12	42.57	49.84	
667.00	115.08	90.35	42.73	50.03	
668.00	106.94	83.17	42.90	50.23	
669.00	134.12	102.95	43.11	50.47	
670.00	120.34	93.79	43.27	50.66	
671.00	109.38	85.60	43.45	50.87	
672.00	106.03	82.40	43.57	51.01	
673.00	105.31	80.88	43.78	51.26	
674.00	106.72	81.44	43.96	51.46	
675.00	107.97	82.25	44.07	51.59	
676.00	107.67	81.91	44.22	51.77	
677.00	107.32	81.66	44.36	51.94	
678.00	106.35	81.52	44.52	52.12	
679.00	106.60	81.49	44.69	52.32	
680.00	107.61	80.92	44.88	52.54	
681.00	107.37	80.67	45.05	52.75	
682.00	106.59	80.70	45.18	52.90	
683.00	106.15	80.83	45.31	53.05	
684.00	106.64	80.76	45.48	53.24	
685.00	107.75	80.74	45.64	53.43	
686.00	107.52	80.70	45.80	53.62	
687.00	107.18	80.62	45.97	53.82	
688.00	106.26	80.59	46.15	54.03	
689.00	106.58	80.64	46.32	54.23	
690.00	106.07	80.59	46.51	54.45	
691.00	106.53	80.66	46.70	54.67	
692.00	106.15	80.67	46.90	54.90	
693.00	106.74	80.79	47.07	55.10	
694.00	106.36	79.62	47.23	55.29	
695.00	105.54	79.67	47.35	55.43	
696.00	106.53	79.83	47.52	55.63	
697.00	104.91	79.87	47.73	55.87	
698.00	105.20	79.81	47.97	56.16	
699.00	104.12	79.75	48.25	56.49	
700.00	100.17	79.53	48.38	56.64	
701.00	102.66	78.61	48.59	56.88	
702.00	104.22	78.87	48.65	56.96	
703.00	105.53	79.03	48.70	57.01	
704.00	105.69	78.03	48.84	57.18	
705.00	104.43	78.05	48.82	57.16	
706.00	105.10	78.18	48.85	57.19	
707.00	105.11	78.44	48.80	57.13	
708.00	104.97	78.60	48.78	57.10	
709.00	104.62	78.07	48.87	57.21	
710.00	104.61	78.33	48.89	57.23	
711.00	104.75	78.59	48.89	57.24	
712.00	104.54	78.06	49.02	57.38	
713.00	104.51	78.33	49.09	57.47	
714.00	104.70	78.60	49.10	57.49	
715.00	104.98	79.16	49.05	57.42	
716.00	105.13	79.39	48.98	57.34	
717.00	105.22	79.36	48.90	57.25	
718.00	105.17	79.20	48.84	57.18	
719.00	105.09	79.12	48.79	57.12	
720.00	104.87	79.12	48.79	57.11	
721.00	104.50	79.15	48.89	57.24	
722.00	103.94	78.96	49.15	57.55	
723.00	104.35	78.86	49.41	57.84	
724.00	103.30	77.63	49.63	58.10	
725.00	103.81	77.83	49.77	58.26	
726.00	104.81	78.03	49.92	58.45	
727.00	104.79	78.28	50.03	58.57	
728.00	104.55	78.40	50.15	58.71	
729.00	105.41	78.12	50.37	58.97	
730.00	104.82	78.18	50.50	59.12	
731.00	104.60	77.16	50.57	59.20	
732.00	105.45	76.91	50.77	59.44	
733.00	104.98	77.24	50.87	59.56	
734.00	104.61	77.52	50.95	59.65	
735.00	105.48	76.70	51.14	59.87	
736.00	105.08	75.97	51.21	59.95	
737.00	104.75	76.28	51.28	60.04	
738.00	104.56	76.57	51.35	60.12	
739.00	104.49	76.10	51.44	60.23	
740.00	104.87	76.18	51.58	60.39	
741.00	104.69	76.47	51.67	60.49	
742.00	104.63	76.67	51.73	60.57	
743.00	104.64	76.19	51.79	60.64	
744.00	104.51	75.17	51.90	60.76	
745.00	104.55	75.24	51.96	60.83	
746.00	104.46	74.24	52.06	60.95	
747.00	105.08	74.25	52.14	61.04	
748.00	105.93	74.17	52.27	61.20	
749.00	105.82	74.48	52.33	61.26	
750.00	105.58	73.44	52.44	61.40	
751.00	105.48	73.43	52.52	61.48	
752.00	105.97	73.35	52.62	61.60	
753.00	132.45	96.88	53.00	62.05	
754.00	144.11	106.95	53.43	62.55	
755.00	144.65	107.68	53.84	63.03	
756.00	142.87	105.17	54.17	63.42	
757.00	141.34	102.44	54.54	63.85	
758.00	142.03	100.62	54.87	64.24	
759.00	141.86	100.48	55.28	64.71	
760.00	141.80	100.19	55.70	65.21	
761.00	142.03	99.22	56.08	65.65	
762.00	141.62	98.63	56.60	66.26	
763.00	142.82	97.16	57.10	66.85	
764.00	143.11	95.73	57.53	67.35	
765.00	143.07	94.52	57.98	67.88	
766.00	142.95	93.61	58.45	68.43	
767.00	145.10	92.77	58.69	68.71	
768.00	146.26	91.79	58.92	68.98	
769.00	147.73	90.56	59.03	69.11	
770.00	142.90	90.23	59.22	69.33	
771.00	139.44	90.53	59.51	69.67	
772.00	139.57	90.04	59.99	70.23	
773.00	138.59	90.49	60.29	70.58	
774.00	138.52	90.35	60.83	71.22	
775.00	138.70	90.18	61.35	71.82	
776.00	139.40	89.65	61.70	72.23	
777.00	139.91	89.49	62.01	72.60	
778.00	140.36	89.75	62.34	72.98	
779.00	140.82	89.82	62.54	73.22	
780.00	140.40	89.71	62.81	73.54	
781.00	139.03	90.11	63.24	74.04	
782.00	139.16	90.53	63.54	74.39	
783.00	138.32	90.34	63.90	74.81	
784.00	138.47	90.59	64.20	75.16	
785.00	138.57	91.19	64.49	75.50	
786.00	138.01	91.61	64.77	75.83	
787.00	138.53	91.53	64.92	76.01	
788.00	138.05	91.34	65.13	76.25	
789.00	135.25	91.24	65.54	76.73	
790.00	134.85	91.33	65.84	77.08	
791.00	135.16	91.51	66.07	77.35	
792.00	133.64	91.68	66.49	77.85	
793.00	133.96	91.82	66.76	78.16	
794.00	134.49	91.90	67.00	78.44	
795.00	132.46	92.42	67.46	78.98	
796.00	131.50	92.86	67.85	79.43	
797.00	132.76	92.68	68.14	79.77	
798.00	133.77	92.26	68.46	80.15	
799.00	133.07	92.44	68.82	80.57	
800.00	131.57	92.78	69.12	80.92	
801.00	130.19	92.63	69.39	81.24	
802.00	129.82	92.61	69.65	81.54	
803.00	130.26	92.94	69.82	81.74	
804.00	130.71	93.08	70.00	81.95	
805.00	131.97	92.57	70.24	82.23	
806.00	131.59	92.56	70.41	82.44	
807.00	131.16	92.54	70.61	82.67	
808.00	129.97	92.66	70.80	82.89	
809.00	128.40	92.34	71.07	83.20	
810.00	126.41	91.71	71.36	83.55	
811.00	125.79	91.42	71.64	83.87	
812.00	125.69	91.64	71.94	84.22	
