1.00	309.00	101.00	39.00	50.00	
2.00	307.67	99.62	39.02	50.03	
3.00	306.12	98.49	39.04	50.05	
4.00	304.57	97.08	39.06	50.08	
5.00	303.20	96.06	39.00	50.00	
6.00	301.72	94.65	39.05	50.06	
7.00	300.52	93.77	39.00	50.00	
8.00	299.41	92.60	38.97	49.96	
9.00	297.43	90.82	38.96	49.95	
10.00	296.25	90.15	39.00	50.00	
11.00	295.00	88.81	39.02	50.03	
12.00	294.11	88.23	39.03	50.04	
13.00	293.37	87.36	39.03	50.04	
14.00	292.55	86.74	39.06	50.08	
15.00	291.06	85.27	39.00	51.00	
16.00	290.33	84.07	39.06	51.08	
17.00	289.61	83.49	39.08	51.11	
18.00	288.55	82.52	39.09	51.12	
19.00	287.69	81.53	39.13	51.17	
20.00	287.19	81.46	39.00	52.00	
21.00	285.83	80.46	39.14	52.18	
22.00	285.02	79.80	39.13	52.17	
23.00	283.86	79.62	39.08	52.11	
24.00	283.05	79.96	39.02	52.03	
25.00	281.70	80.07	39.00	52.00	
26.00	281.20	79.75	39.00	52.00	
27.00	279.67	79.48	39.06	52.08	
28.00	277.75	79.37	39.12	52.17	
29.00	276.44	79.44	39.20	52.26	
30.00	274.44	79.18	40.00	53.00	
31.00	272.77	78.45	40.16	53.22	
32.00	270.52	77.78	40.18	53.24	
33.00	268.24	77.34	40.21	53.28	
34.00	266.87	77.34	40.26	53.35	
35.00	265.17	77.29	40.00	54.00	
36.00	263.11	76.96	40.21	54.28	
37.00	261.94	76.58	40.19	54.26	
38.00	260.35	76.67	40.20	54.27	
39.00	258.56	77.17	40.19	54.25	
40.00	257.43	77.82	41.00	54.00	
41.00	255.26	78.57	41.12	54.16	
42.00	253.16	79.19	41.11	54.14	
43.00	252.03	79.29	41.13	54.17	
44.00	250.35	79.66	41.16	54.21	
45.00	249.38	80.32	42.00	55.00	
46.00	247.45	80.42	42.14	55.18	
47.00	245.86	80.30	42.18	55.24	
48.00	245.23	79.98	42.23	55.30	
49.00	244.88	79.51	42.29	55.39	
50.00	245.07	79.52	42.00	55.00	
51.00	245.29	79.25	42.12	55.16	
52.00	245.63	78.54	42.00	55.00	
53.00	246.56	77.01	41.97	54.96	
54.00	248.39	74.95	41.95	54.93	
55.00	249.81	73.74	42.00	55.00	
56.00	252.93	71.14	42.00	55.01	
57.00	255.17	68.87	42.06	55.08	
58.00	258.63	65.61	42.12	55.16	
59.00	262.96	61.90	42.15	55.20	
60.00	265.61	60.16	42.00	56.00	
61.00	270.35	56.83	42.13	56.17	
62.00	273.38	54.59	41.99	55.98	
63.00	277.07	52.08	42.04	56.06	
64.00	281.69	49.93	41.85	55.79	
65.00	283.65	49.37	41.00	55.00	
66.00	287.90	47.78	40.67	54.56	
67.00	290.27	46.67	40.65	54.52	
68.00	293.58	45.63	40.57	54.42	
69.00	297.26	44.29	40.53	54.38	
70.00	299.03	43.87	41.00	54.00	
71.00	302.35	42.53	40.77	53.69	
72.00	305.52	40.81	40.92	53.90	
73.00	307.06	39.50	41.02	54.03	
74.00	309.54	38.21	41.11	54.14	
75.00	311.97	36.97	41.00	55.00	
76.00	313.20	36.50	41.13	55.17	
77.00	314.76	35.42	41.04	55.05	
78.00	315.63	34.29	41.06	55.08	
79.00	316.65	32.69	41.10	55.13	
80.00	317.91	30.97	41.00	55.00	
81.00	318.48	30.11	41.12	55.16	
82.00	319.11	28.42	41.24	55.32	
83.00	319.61	26.87	41.21	55.28	
84.00	319.98	25.13	41.20	55.27	
85.00	320.10	23.69	41.00	55.00	
86.00	319.84	23.49	41.11	55.15	
87.00	319.24	22.91	41.05	55.07	
88.00	318.79	22.28	41.07	55.09	
89.00	318.06	22.06	41.09	55.12	
90.00	317.64	22.57	41.00	55.00	
91.00	317.17	23.44	41.07	55.09	
92.00	316.53	24.17	41.07	55.09	
93.00	316.29	24.34	41.06	55.09	
94.00	316.03	24.56	41.09	55.12	
95.00	315.79	25.01	41.00	55.00	
96.00	315.66	25.51	41.09	55.12	
97.00	315.35	25.57	41.10	55.14	
98.00	314.47	26.32	41.13	55.17	
99.00	313.27	27.74	41.14	55.19	
100.00	312.49	29.05	42.00	55.00	
101.00	311.07	30.14	42.13	55.17	
102.00	310.39	30.67	42.07	55.09	
103.00	309.71	31.15	42.13	55.17	
104.00	309.24	31.65	42.25	55.33	
105.00	308.65	32.03	42.45	55.59	
106.00	308.51	32.49	42.50	55.65	
107.00	308.64	33.17	42.45	55.59	
108.00	308.59	33.54	42.46	55.60	
109.00	308.65	33.47	42.46	55.60	
110.00	309.06	33.52	42.28	55.36	
111.00	309.73	33.37	42.13	55.16	
112.00	310.18	33.29	42.00	55.00	
113.00	311.09	32.58	42.13	55.16	
114.00	311.83	32.11	42.11	55.15	
115.00	313.32	32.07	42.00	55.00	
116.00	313.79	32.06	42.15	55.19	
117.00	315.15	31.98	42.18	55.23	
118.00	316.20	31.58	42.24	55.32	
119.00	317.77	31.96	42.25	55.32	
120.00	318.84	32.44	42.00	56.00	
121.00	320.48	32.43	42.25	56.34	
122.00	321.39	32.33	42.34	56.45	
123.00	322.02	32.84	42.50	56.67	
124.00	323.11	33.87	42.78	57.04	
125.00	324.67	34.91	43.00	58.00	
126.00	325.96	36.43	43.64	58.87	
127.00	327.06	37.83	43.41	58.56	
128.00	327.77	38.66	43.26	58.35	
129.00	328.72	40.10	43.25	58.34	
130.00	329.14	41.48	44.00	59.00	
131.00	329.28	41.59	44.21	59.28	
132.00	329.04	42.59	44.26	59.35	
133.00	328.81	43.78	44.07	59.09	
134.00	328.12	44.37	43.86	58.81	
135.00	326.64	44.78	43.77	58.69	
136.00	325.37	45.20	43.77	58.69	
137.00	323.50	45.26	43.88	58.84	
138.00	322.26	44.87	44.09	59.12	
139.00	321.19	44.97	44.27	59.36	
140.00	319.08	45.17	44.35	59.47	
141.00	317.29	45.23	44.40	59.54	
142.00	315.27	44.99	44.46	59.61	
143.00	313.48	44.62	44.54	59.73	
144.00	310.94	44.63	44.55	59.74	
145.00	308.50	44.34	44.56	59.75	
146.00	306.13	42.92	44.71	59.95	
147.00	304.90	43.82	44.67	59.90	
148.00	302.20	42.75	44.84	60.13	
149.00	300.32	41.67	44.70	59.94	
150.00	299.08	41.54	44.49	59.65	
151.00	310.95	17.61	44.36	59.48	
152.00	314.03	6.61	44.21	59.28	
153.00	312.86	4.84	43.95	58.93	
154.00	310.05	5.27	43.50	58.33	
155.00	303.49	10.27	43.70	58.60	
156.00	300.81	4.01	43.53	58.38	
157.00	296.32	-0.43	43.72	58.62	
158.00	291.22	-0.82	44.13	59.18	
159.00	285.57	2.26	44.35	59.46	
160.00	281.87	2.95	44.85	60.14	
161.00	280.58	2.53	45.35	60.81	
162.00	274.87	3.63	45.79	61.40	
163.00	274.87	3.63	45.79	61.40	
164.00	267.56	1.96	46.40	62.21	
165.00	267.56	1.96	46.40	62.21	
166.00	267.56	1.96	46.40	62.21	
167.00	267.56	1.96	46.40	62.21	
168.00	267.56	1.96	46.40	62.21	
169.00	267.56	1.96	46.40	62.21	
170.00	267.56	1.96	46.40	62.21	
171.00	267.56	1.96	46.40	62.21	
172.00	267.56	1.96	46.40	62.21	
173.00	267.56	1.96	46.40	62.21	
174.00	267.56	1.96	46.40	62.21	
175.00	267.56	1.96	46.40	62.21	
176.00	267.56	1.96	46.40	62.21	
177.00	267.56	1.96	46.40	62.21	
178.00	267.56	1.96	46.40	62.21	
179.00	267.56	1.96	46.40	62.21	
180.00	267.56	1.96	46.40	62.21	
181.00	267.56	1.96	46.40	62.21	
182.00	267.56	1.96	46.40	62.21	
183.00	267.56	1.96	46.40	62.21	
184.00	267.56	1.96	46.40	62.21	
185.00	267.56	1.96	46.40	62.21	
186.00	267.56	1.96	46.40	62.21	
187.00	267.56	1.96	46.40	62.21	
188.00	267.56	1.96	46.40	62.21	
189.00	267.56	1.96	46.40	62.21	
190.00	267.56	1.96	46.40	62.21	
191.00	267.56	1.96	46.40	62.21	
192.00	267.56	1.96	46.40	62.21	
193.00	267.56	1.96	46.40	62.21	
194.00	267.56	1.96	46.40	62.21	
195.00	267.56	1.96	46.40	62.21	
196.00	247.41	6.22	46.66	62.57	
197.00	247.41	6.22	46.66	62.57	
198.00	247.41	6.22	46.66	62.57	
199.00	247.41	6.22	46.66	62.57	
200.00	247.41	6.22	46.66	62.57	
201.00	247.41	6.22	46.66	62.57	
202.00	247.41	6.22	46.66	62.57	
203.00	247.41	6.22	46.66	62.57	
204.00	247.41	6.22	46.66	62.57	
205.00	247.41	6.22	46.66	62.57	
206.00	247.41	6.22	46.66	62.57	
207.00	247.41	6.22	46.66	62.57	
208.00	247.41	6.22	46.66	62.57	
209.00	247.41	6.22	46.66	62.57	
210.00	247.41	6.22	46.66	62.57	
211.00	247.41	6.22	46.66	62.57	
212.00	234.55	-0.88	46.36	62.17	
213.00	230.58	-1.73	46.39	62.21	
214.00	229.12	-0.15	46.25	62.01	
215.00	229.12	-0.15	46.25	62.01	
216.00	229.12	-0.15	46.25	62.01	
217.00	229.12	-0.15	46.25	62.01	
218.00	229.12	-0.15	46.25	62.01	
219.00	229.12	-0.15	46.25	62.01	
220.00	229.12	-0.15	46.25	62.01	
221.00	214.23	-0.82	46.93	62.93	
222.00	214.23	-0.82	46.93	62.93	
223.00	214.23	-0.82	46.93	62.93	
224.00	214.23	-0.82	46.93	62.93	
225.00	203.50	-0.48	47.46	63.63	
226.00	203.50	-0.48	47.46	63.63	
227.00	203.50	-0.48	47.46	63.63	
228.00	192.09	0.36	47.64	63.88	
229.00	192.09	0.36	47.64	63.88	
230.00	192.09	0.36	47.64	63.88	
231.00	192.09	0.36	47.64	63.88	
232.00	192.09	0.36	47.64	63.88	
233.00	192.09	0.36	47.64	63.88	
234.00	186.15	0.84	47.63	63.86	
235.00	170.22	0.58	47.72	63.99	
236.00	170.22	0.58	47.72	63.99	
237.00	170.22	0.58	47.72	63.99	
238.00	170.22	0.58	47.72	63.99	
239.00	170.22	0.58	47.72	63.99	
240.00	170.22	0.58	47.72	63.99	
241.00	133.63	5.02	48.52	65.06	
242.00	135.13	0.55	48.77	65.39	
243.00	135.13	0.55	48.77	65.39	
244.00	135.13	0.55	48.77	65.39	
245.00	135.13	0.55	48.77	65.39	
246.00	135.13	0.55	48.77	65.39	
247.00	135.13	0.55	48.77	65.39	
248.00	135.13	0.55	48.77	65.39	
249.00	135.13	0.55	48.77	65.39	
250.00	108.94	-2.02	49.27	66.07	
251.00	108.94	-2.02	49.27	66.07	
252.00	108.94	-2.02	49.27	66.07	
253.00	108.94	-2.02	49.27	66.07	
254.00	108.94	-2.02	49.27	66.07	
255.00	97.91	-1.07	50.13	67.22	
256.00	97.91	-1.07	50.13	67.22	
257.00	97.91	-1.07	50.13	67.22	
258.00	87.38	1.22	49.91	66.92	
259.00	87.38	1.22	49.91	66.92	
260.00	87.38	1.22	49.91	66.92	
261.00	87.38	1.22	49.91	66.92	
262.00	87.38	1.22	49.91	66.92	
263.00	87.38	1.22	49.91	66.92	
264.00	87.38	1.22	49.91	66.92	
265.00	87.38	1.22	49.91	66.92	
266.00	87.38	1.22	49.91	66.92	
267.00	87.38	1.22	49.91	66.92	
268.00	87.38	1.22	49.91	66.92	
269.00	87.38	1.22	49.91	66.92	
270.00	87.38	1.22	49.91	66.92	
271.00	87.38	1.22	49.91	66.92	
272.00	87.38	1.22	49.91	66.92	
273.00	67.91	1.36	49.25	66.04	
274.00	47.86	1.10	49.14	65.89	
275.00	47.86	1.10	49.14	65.89	
276.00	47.86	1.10	49.14	65.89	
277.00	47.86	1.10	49.14	65.89	
278.00	47.86	1.10	49.14	65.89	
279.00	47.86	1.10	49.14	65.89	
280.00	47.86	1.10	49.14	65.89	
281.00	47.86	1.10	49.14	65.89	
282.00	47.86	1.10	49.14	65.89	
283.00	47.86	1.10	49.14	65.89	
284.00	47.86	1.10	49.14	65.89	
285.00	47.86	1.10	49.14	65.89	
286.00	47.86	1.10	49.14	65.89	
287.00	47.86	1.10	49.14	65.89	
288.00	47.86	1.10	49.14	65.89	
289.00	64.65	44.65	48.42	64.93	
290.00	64.65	44.65	48.42	64.93	
291.00	64.65	44.65	48.42	64.93	
292.00	64.65	44.65	48.42	64.93	
293.00	64.65	44.65	48.42	64.93	
294.00	64.65	44.65	48.42	64.93	
295.00	64.65	44.65	48.42	64.93	
296.00	64.65	44.65	48.42	64.93	
297.00	64.65	44.65	48.42	64.93	
298.00	64.65	44.65	48.42	64.93	
299.00	64.65	44.65	48.42	64.93	
300.00	64.65	44.65	48.42	64.93	
301.00	64.65	44.65	48.42	64.93	
302.00	64.65	44.65	48.42	64.93	
303.00	28.42	59.89	48.82	65.46	
304.00	28.42	59.89	48.82	65.46	
305.00	28.42	59.89	48.82	65.46	
306.00	28.42	59.89	48.82	65.46	
307.00	28.42	59.89	48.82	65.46	
308.00	28.42	59.89	48.82	65.46	
309.00	31.54	67.43	48.96	65.64	
310.00	35.48	71.24	49.00	65.71	
311.00	37.26	69.39	49.07	65.79	
312.00	37.30	66.37	49.10	65.84	
313.00	38.70	64.83	49.10	65.83	
314.00	39.16	62.33	49.04	65.76	
315.00	40.78	62.46	49.01	65.71	
316.00	41.21	61.34	48.96	65.64	
317.00	44.43	60.21	48.96	65.65	
318.00	44.54	59.09	48.99	65.69	
319.00	44.54	59.09	48.99	65.69	
320.00	44.54	59.09	48.99	65.69	
321.00	47.49	60.44	49.03	65.74	
322.00	47.49	60.44	49.03	65.74	
323.00	47.49	60.44	49.03	65.74	
324.00	47.49	60.44	49.03	65.74	
325.00	47.49	60.44	49.03	65.74	
326.00	47.49	60.44	49.03	65.74	
327.00	47.49	60.44	49.03	65.74	
328.00	47.49	60.44	49.03	65.74	
329.00	47.49	60.44	49.03	65.74	
330.00	47.49	60.44	49.03	65.74	
331.00	47.49	60.44	49.03	65.74	
332.00	47.49	60.44	49.03	65.74	
333.00	47.49	60.44	49.03	65.74	
334.00	47.49	60.44	49.03	65.74	
335.00	47.49	60.44	49.03	65.74	
336.00	47.49	60.44	49.03	65.74	
337.00	31.99	16.69	49.82	66.80	
338.00	33.92	20.49	50.03	67.08	
339.00	38.34	25.97	49.96	66.99	
340.00	41.51	31.89	49.99	67.03	
341.00	41.51	31.89	49.99	67.03	
342.00	63.92	35.98	50.04	67.10	
343.00	76.64	40.11	50.08	67.15	
344.00	76.64	40.11	50.08	67.15	
345.00	76.64	40.11	50.08	67.15	
346.00	76.64	40.11	50.08	67.15	
347.00	76.64	40.11	50.08	67.15	
348.00	76.64	40.11	50.08	67.15	
349.00	74.71	56.80	50.51	67.73	
350.00	74.71	56.80	50.51	67.73	
351.00	73.39	62.79	50.96	68.33	
352.00	73.39	62.79	50.96	68.33	
353.00	73.39	62.79	50.96	68.33	
354.00	73.39	62.79	50.96	68.33	
355.00	73.39	62.79	50.96	68.33	
356.00	75.37	59.68	51.57	69.14	
357.00	73.70	61.93	51.69	69.31	
358.00	73.71	66.97	51.67	69.28	
359.00	72.55	69.48	51.67	69.28	
360.00	73.33	71.44	51.70	69.32	
361.00	72.19	71.67	51.73	69.36	
362.00	72.19	71.67	51.73	69.36	
