1.00	83.00	52.00	62.00	70.00	
2.00	85.95	52.28	61.85	69.83	
3.00	88.45	52.86	61.65	69.61	
4.00	90.26	53.68	61.42	69.35	
5.00	90.99	54.37	60.00	69.00	
6.00	91.72	54.62	59.34	68.25	
7.00	91.82	54.74	59.27	68.16	
8.00	91.43	54.63	59.12	67.99	
9.00	90.51	54.08	58.99	67.84	
10.00	89.53	53.68	58.00	67.00	
11.00	88.84	53.94	57.29	66.18	
12.00	87.75	54.30	57.32	66.22	
13.00	86.29	54.73	57.27	66.15	
14.00	84.55	55.12	57.24	66.12	
15.00	82.80	55.61	57.00	66.00	
16.00	81.54	56.63	56.56	65.49	
17.00	80.14	57.46	56.64	65.59	
18.00	78.67	58.32	56.65	65.60	
19.00	77.32	59.47	56.60	65.54	
20.00	76.20	60.64	57.00	65.00	
21.00	75.28	61.88	56.76	64.73	
22.00	74.84	62.64	56.79	64.76	
23.00	74.95	62.83	56.82	64.79	
24.00	75.43	62.55	56.82	64.80	
25.00	76.36	62.22	57.00	65.00	
26.00	76.86	61.82	56.89	64.88	
27.00	77.81	61.55	56.91	64.90	
28.00	79.02	60.96	56.93	64.92	
29.00	80.44	59.90	56.94	64.93	
30.00	81.81	58.87	57.00	65.00	
31.00	83.31	58.24	57.01	65.01	
32.00	84.69	57.79	57.02	65.02	
33.00	86.07	57.52	57.01	65.01	
34.00	87.41	57.37	56.98	64.98	
35.00	88.59	57.22	57.00	65.00	
36.00	90.13	56.92	56.98	64.98	
37.00	91.29	56.81	56.97	64.96	
38.00	92.30	56.74	56.94	64.93	
39.00	93.25	56.67	56.90	64.89	
40.00	94.11	56.59	57.00	64.00	
41.00	94.79	56.90	56.95	63.94	
42.00	95.52	57.06	56.95	63.94	
43.00	96.24	57.24	56.90	63.89	
44.00	96.81	57.46	56.87	63.86	
45.00	97.37	57.83	57.00	64.00	
46.00	97.66	58.52	56.87	63.85	
47.00	97.95	59.23	56.86	63.84	
48.00	98.18	59.79	56.84	63.82	
49.00	98.25	60.10	56.82	63.80	
50.00	98.09	60.03	57.00	64.00	
51.00	97.90	60.07	56.88	63.87	
52.00	97.66	60.11	56.90	63.89	
53.00	97.41	60.23	56.88	63.87	
54.00	97.09	60.39	56.87	63.85	
55.00	96.77	60.36	57.00	64.00	
56.00	96.63	59.69	56.91	63.90	
57.00	96.31	59.05	56.93	63.92	
58.00	95.80	58.60	56.93	63.92	
59.00	95.24	58.43	56.90	63.89	
60.00	94.68	58.39	57.00	64.00	
61.00	94.36	58.02	56.89	63.87	
62.00	93.78	57.80	56.95	63.94	
63.00	93.14	57.78	56.98	63.98	
64.00	92.36	57.84	57.03	64.04	
65.00	91.53	57.99	57.00	64.00	
66.00	91.12	58.11	57.06	64.06	
67.00	90.41	58.19	57.06	64.06	
68.00	89.58	58.25	57.06	64.07	
69.00	88.76	58.24	57.10	64.11	
70.00	88.06	58.21	57.00	64.00	
71.00	87.32	57.98	57.08	64.09	
72.00	86.69	57.87	57.08	64.09	
73.00	86.18	57.82	57.08	64.09	
74.00	85.68	57.74	57.09	64.10	
75.00	85.23	57.67	57.00	64.00	
76.00	84.62	57.88	57.05	64.06	
77.00	84.17	57.88	57.05	64.06	
78.00	83.79	57.77	57.07	64.08	
79.00	83.48	57.68	57.09	64.10	
80.00	83.23	57.64	57.00	64.00	
81.00	82.79	57.88	57.10	64.11	
82.00	82.52	57.94	57.09	64.10	
83.00	82.38	57.88	57.10	64.11	
84.00	82.23	57.84	57.12	64.14	
85.00	82.07	57.84	57.00	64.00	
86.00	81.87	57.97	57.09	64.11	
87.00	81.73	58.03	57.07	64.08	
88.00	81.60	58.04	57.08	64.09	
89.00	81.47	58.05	57.08	64.09	
90.00	81.32	58.04	57.00	64.00	
91.00	80.87	57.98	57.05	64.06	
92.00	80.60	57.90	57.05	64.06	
93.00	80.44	57.87	57.06	64.06	
94.00	80.29	57.90	57.04	64.04	
95.00	80.16	58.02	57.00	64.00	
96.00	79.88	58.12	56.99	63.99	
97.00	79.72	58.25	56.98	63.98	
98.00	79.62	58.37	56.98	63.98	
99.00	79.60	58.47	56.98	63.97	
100.00	79.69	58.52	57.00	64.00	
101.00	80.09	59.01	56.99	63.99	
102.00	80.30	59.09	57.01	64.02	
103.00	80.46	59.05	57.03	64.03	
104.00	80.62	59.02	57.03	64.04	
105.00	80.80	59.03	57.00	64.00	
106.00	81.19	59.03	57.03	64.03	
107.00	81.47	59.01	57.07	64.08	
108.00	81.71	58.99	57.11	64.13	
109.00	82.01	58.96	57.18	64.21	
110.00	82.34	58.97	58.00	64.00	
111.00	82.39	58.95	58.15	64.17	
112.00	82.63	58.89	58.13	64.15	
113.00	83.03	58.81	58.16	64.17	
114.00	83.50	58.76	58.16	64.18	
115.00	83.89	58.67	58.00	64.00	
116.00	84.35	58.87	58.13	64.15	
117.00	84.67	58.87	58.14	64.15	
118.00	84.95	58.79	58.18	64.19	
119.00	85.28	58.77	58.19	64.20	
120.00	85.58	58.79	58.00	64.00	
121.00	86.15	58.93	58.18	64.20	
122.00	86.49	58.90	58.20	64.22	
123.00	86.73	58.84	58.21	64.23	
124.00	86.92	58.72	58.28	64.31	
125.00	87.19	58.68	59.00	64.00	
126.00	87.23	58.94	59.18	64.20	
127.00	87.34	59.01	59.16	64.17	
128.00	87.50	59.09	59.13	64.15	
129.00	87.55	59.32	59.05	64.06	
130.00	87.49	59.59	59.00	64.00	
131.00	86.85	60.26	58.83	63.82	
132.00	85.95	60.79	58.76	63.74	
133.00	84.69	60.98	58.73	63.70	
134.00	84.69	60.98	58.73	63.70	
135.00	81.58	61.05	59.00	64.00	
136.00	81.48	61.37	58.70	63.67	
137.00	81.04	61.59	58.61	63.58	
138.00	80.40	61.64	58.60	63.56	
139.00	79.71	61.60	58.66	63.63	
140.00	79.33	61.60	59.00	63.00	
141.00	78.86	62.02	58.90	62.90	
142.00	78.75	61.97	59.06	63.07	
143.00	78.81	61.68	59.23	63.25	
144.00	79.04	61.29	59.48	63.51	
145.00	79.49	60.75	60.00	64.00	
146.00	79.69	60.26	60.75	64.80	
147.00	80.44	59.78	60.80	64.85	
148.00	81.67	59.44	60.84	64.90	
149.00	82.82	59.18	60.88	64.94	
150.00	84.89	57.54	60.00	64.00	
151.00	84.92	57.71	60.75	64.80	
152.00	85.32	57.50	60.62	64.66	
153.00	85.74	57.39	60.42	64.45	
154.00	86.07	57.39	60.16	64.17	
155.00	85.95	56.80	59.00	63.00	
156.00	85.72	56.83	59.03	63.03	
157.00	85.42	56.70	59.00	63.00	
158.00	85.02	56.61	58.98	62.98	
159.00	84.60	56.54	58.95	62.94	
160.00	84.10	56.54	59.00	62.00	
161.00	83.49	56.98	58.96	61.96	
162.00	82.90	57.13	58.93	61.93	
163.00	82.30	57.17	58.91	61.90	
164.00	81.51	57.15	58.90	61.90	
165.00	80.60	57.09	59.00	62.00	
166.00	80.03	56.96	58.93	61.93	
167.00	79.36	56.93	58.92	61.92	
168.00	78.60	56.93	58.88	61.88	
169.00	77.62	56.81	58.91	61.91	
170.00	76.78	56.67	59.00	62.00	
171.00	76.57	56.95	58.89	61.89	
172.00	76.33	57.00	58.85	61.84	
173.00	76.03	56.97	58.81	61.80	
174.00	75.76	56.91	58.79	61.78	
175.00	75.65	56.85	58.00	62.00	
176.00	75.84	56.82	57.98	61.98	
177.00	75.97	56.78	58.07	62.08	
178.00	76.03	56.80	58.09	62.09	
179.00	76.16	56.67	58.14	62.14	
180.00	76.62	55.95	58.00	63.00	
181.00	77.27	55.87	58.23	63.25	
182.00	77.98	55.67	58.31	63.34	
183.00	78.88	55.57	58.35	63.38	
184.00	79.95	55.57	58.37	63.40	
185.00	80.96	55.34	59.00	64.00	
186.00	82.21	55.06	59.22	64.24	
187.00	83.41	54.97	59.29	64.31	
188.00	84.87	55.06	59.37	64.41	
189.00	86.48	55.24	59.46	64.49	
190.00	88.15	55.45	60.00	65.00	
191.00	89.59	55.35	60.30	65.32	
192.00	91.02	55.57	60.19	65.20	
193.00	92.30	55.84	60.13	65.14	
194.00	93.25	55.95	60.11	65.12	
195.00	93.62	55.76	60.00	65.00	
196.00	94.51	55.78	60.00	65.00	
197.00	94.95	55.56	59.99	64.99	
198.00	95.12	55.36	60.04	65.05	
199.00	94.97	55.27	60.16	65.18	
200.00	94.49	55.33	61.00	66.00	
201.00	93.67	55.24	61.21	66.22	
202.00	92.80	55.06	61.23	66.25	
203.00	91.62	54.38	61.37	66.40	
204.00	90.16	53.49	61.51	66.55	
205.00	88.66	52.78	62.00	67.00	
206.00	87.40	52.48	62.47	67.51	
207.00	85.82	52.23	62.63	67.68	
208.00	84.15	51.96	62.79	67.86	
209.00	82.44	51.65	62.92	67.99	
210.00	80.84	51.47	63.00	68.00	
211.00	79.36	50.99	63.53	68.57	
212.00	77.83	50.96	63.45	68.49	
213.00	76.54	51.12	63.46	68.50	
214.00	75.60	51.22	63.46	68.50	
215.00	74.30	52.23	64.00	69.00	
216.00	73.38	51.45	64.33	69.35	
217.00	72.72	50.98	64.40	69.44	
218.00	72.45	50.44	64.51	69.54	
219.00	72.43	50.02	64.58	69.63	
220.00	72.80	49.98	64.00	69.00	
221.00	73.16	49.44	64.49	69.53	
222.00	73.65	48.77	64.46	69.50	
223.00	74.35	47.94	64.48	69.52	
224.00	75.20	47.13	64.55	69.59	
225.00	76.19	46.44	65.00	70.00	
226.00	77.15	45.63	65.46	70.49	
227.00	78.40	45.23	65.49	70.53	
228.00	79.99	44.99	65.62	70.67	
229.00	81.89	44.68	65.80	70.86	
230.00	84.18	44.47	66.00	71.00	
231.00	86.55	44.02	66.59	71.64	
232.00	89.56	44.01	66.53	71.57	
233.00	93.22	44.20	66.55	71.59	
234.00	97.49	44.46	66.55	71.59	
235.00	102.26	44.86	67.00	71.00	
236.00	107.09	45.37	67.37	71.39	
237.00	112.45	45.65	67.40	71.43	
238.00	118.30	45.75	67.43	71.46	
239.00	124.44	45.53	67.39	71.41	
240.00	130.60	45.09	67.00	71.00	
241.00	136.98	44.63	67.02	71.02	
242.00	142.81	44.38	66.91	70.91	
243.00	148.13	44.25	66.88	70.87	
244.00	153.26	44.18	66.82	70.81	
245.00	158.08	44.00	67.00	70.00	
246.00	162.61	43.82	66.78	69.77	
247.00	166.81	43.68	66.76	69.75	
248.00	170.66	43.64	66.72	69.70	
249.00	174.06	43.66	66.70	69.69	
250.00	177.04	43.74	67.00	69.00	
251.00	179.70	43.98	66.83	68.83	
252.00	182.07	44.02	66.88	68.87	
253.00	184.06	43.97	66.92	68.92	
254.00	185.68	44.01	66.90	68.90	
255.00	186.84	44.15	67.00	69.00	
256.00	187.97	44.22	66.92	68.92	
257.00	188.58	44.37	66.96	68.96	
258.00	188.77	44.58	66.99	68.98	
259.00	188.55	44.76	67.01	69.02	
260.00	188.04	44.95	67.00	69.00	
261.00	187.45	45.14	66.88	68.88	
262.00	186.50	45.25	66.83	68.83	
263.00	185.26	45.42	66.74	68.74	
264.00	183.60	45.58	66.73	68.73	
265.00	181.51	45.75	66.00	68.00	
266.00	179.89	46.24	65.79	67.78	
267.00	177.79	46.54	65.72	67.72	
268.00	175.27	46.73	65.64	67.63	
269.00	172.37	46.86	65.61	67.60	
270.00	169.20	47.00	66.00	67.00	
271.00	165.68	47.18	65.75	66.75	
272.00	162.03	47.35	65.73	66.72	
273.00	158.12	47.57	65.62	66.62	
274.00	153.86	47.84	65.52	66.51	
275.00	149.43	48.26	65.00	66.00	
276.00	144.44	48.38	64.59	65.58	
277.00	139.64	48.71	64.54	65.53	
278.00	134.85	49.04	64.40	65.39	
279.00	130.00	49.23	64.22	65.20	
280.00	125.14	49.38	64.00	65.00	
281.00	120.23	49.29	63.43	64.42	
282.00	115.52	49.57	63.48	64.47	
283.00	111.08	50.03	63.38	64.37	
284.00	106.93	50.48	63.22	64.21	
285.00	103.17	50.81	63.00	64.00	
286.00	99.47	51.26	62.44	63.43	
287.00	96.24	51.51	62.58	63.58	
288.00	93.40	51.64	62.65	63.65	
289.00	90.92	51.74	62.69	63.69	
290.00	88.75	51.81	62.00	64.00	
291.00	87.03	52.01	61.85	63.85	
292.00	85.38	52.06	61.91	63.91	
293.00	83.87	51.98	61.98	63.97	
294.00	82.70	51.99	61.98	63.98	
295.00	81.83	52.03	62.00	64.00	
296.00	81.17	51.96	61.97	63.97	
297.00	80.54	51.94	61.99	63.99	
298.00	80.18	52.01	61.97	63.97	
299.00	80.08	51.96	62.02	64.02	
300.00	80.44	51.93	62.00	64.00	
301.00	80.41	51.89	62.03	64.03	
302.00	80.81	51.83	62.04	64.04	
303.00	81.63	51.80	62.05	64.05	
304.00	82.72	51.87	62.02	64.02	
305.00	84.15	52.00	62.00	64.00	
306.00	85.59	52.05	61.96	63.96	
307.00	87.44	52.08	61.93	63.93	
308.00	89.63	52.18	61.89	63.89	
309.00	92.13	52.38	61.83	63.83	
310.00	94.92	52.64	62.00	63.00	
311.00	97.97	53.25	61.87	62.87	
312.00	101.30	53.53	61.90	62.90	
313.00	104.86	53.70	61.90	62.90	
314.00	108.76	53.85	61.87	62.87	
315.00	112.94	53.99	62.00	63.00	
316.00	117.35	54.24	61.85	62.85	
317.00	121.84	54.59	61.86	62.86	
318.00	126.49	54.98	61.88	62.88	
319.00	131.28	55.16	61.88	62.88	
320.00	136.17	55.17	62.00	63.00	
321.00	140.86	55.04	61.90	62.90	
322.00	145.62	55.20	61.90	62.90	
323.00	150.38	55.57	61.85	62.84	
324.00	155.00	55.93	61.77	62.77	
325.00	159.51	56.19	61.00	63.00	
326.00	164.25	56.27	60.82	62.81	
327.00	168.45	56.40	60.89	62.89	
328.00	172.32	56.54	60.94	62.94	
329.00	175.96	56.62	61.00	63.00	
330.00	179.41	56.68	62.00	63.00	
331.00	182.46	57.06	62.02	63.02	
332.00	185.56	57.24	62.02	63.02	
333.00	188.52	57.27	62.06	63.06	
334.00	191.27	57.30	62.10	63.11	
335.00	193.72	57.42	62.00	64.00	
336.00	196.24	57.13	62.08	64.08	
337.00	198.22	57.17	62.07	64.07	
338.00	199.78	57.29	62.11	64.11	
339.00	201.17	57.41	62.14	64.14	
340.00	202.17	57.41	62.00	65.00	
341.00	202.82	57.02	62.13	65.14	
342.00	203.40	56.84	62.11	65.12	
343.00	203.66	56.71	62.15	65.15	
344.00	203.67	56.55	62.19	65.20	
345.00	203.33	56.38	63.00	66.00	
346.00	202.64	55.90	63.21	66.22	
347.00	201.80	55.59	63.21	66.22	
348.00	200.92	55.43	63.27	66.29	
349.00	199.86	55.26	63.36	66.38	
350.00	198.63	55.11	63.00	67.00	
351.00	197.61	54.76	63.36	67.38	
352.00	196.20	54.45	63.39	67.41	
353.00	194.56	54.19	63.43	67.45	
354.00	192.71	53.82	63.56	67.59	
355.00	190.78	53.45	64.00	68.00	
356.00	188.82	52.67	64.49	68.52	
357.00	186.60	52.20	64.46	68.49	
358.00	184.25	51.94	64.46	68.49	
359.00	181.66	51.59	64.54	68.57	
360.00	178.97	51.28	65.00	69.00	
361.00	176.20	50.66	65.53	69.57	
362.00	173.39	50.26	65.53	69.56	
363.00	170.53	49.96	65.61	69.64	
364.00	167.74	49.70	65.66	69.70	
365.00	164.96	49.44	66.00	70.00	
366.00	162.11	48.68	66.48	70.51	
367.00	159.22	48.22	66.45	70.47	
368.00	156.31	47.90	66.51	70.54	
369.00	153.39	47.52	66.65	70.69	
370.00	150.71	47.22	66.00	71.00	
371.00	148.25	46.70	66.50	71.54	
372.00	145.79	46.44	66.41	71.44	
373.00	143.41	46.30	66.36	71.39	
374.00	141.20	46.31	66.30	71.33	
375.00	139.14	46.29	66.00	72.00	
376.00	137.05	45.98	66.17	72.18	
377.00	135.23	45.88	66.17	72.19	
378.00	133.61	45.90	66.16	72.17	
379.00	132.05	45.81	66.23	72.25	
380.00	130.51	45.70	66.00	72.00	
381.00	129.78	46.05	66.19	72.21	
382.00	128.88	46.01	66.20	72.21	
383.00	128.01	45.75	66.25	72.27	
384.00	127.28	45.52	66.36	72.39	
385.00	126.64	45.31	67.00	73.00	
386.00	126.56	44.99	67.43	73.47	
387.00	126.54	44.95	67.41	73.45	
388.00	126.62	45.00	67.47	73.51	
389.00	126.91	45.07	67.53	73.57	
390.00	127.34	45.00	68.00	74.00	
391.00	127.64	44.91	68.38	74.41	
392.00	128.37	44.72	68.30	74.33	
393.00	129.46	44.53	68.26	74.28	
394.00	130.63	44.27	68.32	74.35	
395.00	132.10	43.96	69.00	75.00	
396.00	133.61	43.66	69.36	75.39	
397.00	135.64	43.32	69.40	75.43	
398.00	138.15	42.87	69.38	75.41	
399.00	140.87	42.30	69.40	75.43	
400.00	143.73	41.68	69.00	75.00	
401.00	147.06	41.44	69.38	75.41	
402.00	150.34	41.03	69.42	75.46	
403.00	153.78	40.44	69.53	75.57	
404.00	157.31	39.82	69.71	75.77	
405.00	161.10	39.27	70.00	76.00	
406.00	164.78	38.54	70.54	76.58	
407.00	168.69	38.14	70.47	76.51	
408.00	172.75	37.91	70.40	76.44	
409.00	176.75	37.56	70.37	76.40	
410.00	180.55	37.10	70.00	77.00	
411.00	184.68	36.60	70.35	77.38	
412.00	188.42	36.29	70.43	77.47	
413.00	191.92	36.05	70.62	77.68	
414.00	195.27	35.85	70.84	77.92	
415.00	198.55	35.70	71.00	78.00	
416.00	202.09	35.78	71.73	78.80	
417.00	205.18	35.71	71.67	78.73	
418.00	207.95	35.55	71.76	78.84	
419.00	210.51	35.41	71.90	78.99	
420.00	212.82	35.32	72.00	80.00	
421.00	215.19	34.99	72.71	80.79	
422.00	217.14	34.90	72.68	80.75	
423.00	218.83	34.94	72.75	80.83	
424.00	220.20	34.90	72.88	80.98	
425.00	221.31	34.79	74.00	81.00	
426.00	221.87	34.83	74.62	81.68	
427.00	222.37	34.72	74.50	81.55	
428.00	222.47	34.55	74.54	81.59	
429.00	222.29	34.40	74.66	81.72	
430.00	221.94	34.37	75.00	82.00	
431.00	221.47	33.92	75.46	82.51	
432.00	220.68	33.68	75.30	82.33	
433.00	219.62	33.52	75.21	82.23	
434.00	218.30	33.30	75.18	82.20	
435.00	216.57	33.06	75.00	82.00	
436.00	215.03	32.74	75.22	82.24	
437.00	212.89	32.46	75.28	82.30	
438.00	210.41	32.23	75.30	82.33	
439.00	207.60	31.97	75.34	82.37	
440.00	204.50	31.67	76.00	82.00	
441.00	200.71	31.66	76.23	82.25	
442.00	197.01	31.32	76.21	82.22	
443.00	193.31	30.79	76.17	82.18	
444.00	189.47	30.25	76.10	82.11	
445.00	185.38	29.76	76.00	82.00	
446.00	180.90	29.62	75.98	81.98	
447.00	176.58	29.49	75.93	81.93	
448.00	172.36	29.39	75.88	81.87	
449.00	168.13	29.32	75.83	81.82	
450.00	163.92	29.24	76.00	82.00	
451.00	159.77	28.97	76.03	82.03	
452.00	155.75	28.95	76.18	82.20	
453.00	151.92	29.10	76.26	82.28	
454.00	148.30	29.30	76.30	82.33	
455.00	144.90	29.50	76.00	82.00	
456.00	141.69	30.13	76.17	82.18	
457.00	138.58	30.37	76.12	82.13	
458.00	135.70	30.40	76.12	82.13	
459.00	133.13	30.30	76.18	82.19	
460.00	130.98	30.20	76.00	83.00	
461.00	129.16	30.11	76.00	83.00	
462.00	127.59	30.21	75.84	82.83	
463.00	126.22	30.42	75.75	82.72	
464.00	124.98	30.63	75.79	82.77	
465.00	124.04	30.89	76.00	83.00	
466.00	123.42	31.42	75.99	82.99	
467.00	123.25	32.00	76.02	83.03	
468.00	123.47	32.61	75.96	82.96	
469.00	123.96	33.21	75.80	82.78	
470.00	124.72	33.79	75.00	82.00	
471.00	125.81	34.56	74.78	81.76	
472.00	127.07	35.28	74.71	81.68	
473.00	128.45	35.85	74.59	81.55	
474.00	130.06	36.39	74.42	81.37	
475.00	131.94	36.87	74.00	81.00	
476.00	133.84	37.50	73.43	80.37	
477.00	135.83	38.10	73.39	80.33	
478.00	137.77	38.87	73.21	80.14	
479.00	139.68	39.81	72.98	79.89	
480.00	141.47	40.83	73.00	79.00	
481.00	142.73	41.97	72.16	78.10	
482.00	144.14	42.96	72.20	78.13	
483.00	145.51	43.84	72.07	77.99	
484.00	146.61	44.69	71.91	77.82	
485.00	147.54	45.48	71.00	78.00	
486.00	148.75	45.85	70.14	77.05	
487.00	149.57	46.43	70.14	77.06	
488.00	150.08	46.93	70.03	76.94	
489.00	150.42	47.27	69.87	76.75	
490.00	150.56	47.43	69.00	77.00	
491.00	151.10	47.32	68.16	76.07	
492.00	151.20	47.43	68.20	76.11	
493.00	151.00	47.60	68.09	75.98	
494.00	150.57	47.73	67.89	75.76	
495.00	149.95	47.77	67.00	75.00	
496.00	149.28	48.09	66.23	74.14	
497.00	148.37	48.27	66.37	74.30	
498.00	147.28	48.52	66.33	74.25	
499.00	145.97	48.82	66.26	74.17	
500.00	144.37	49.15	66.00	74.00	
501.00	142.39	49.35	65.51	73.45	
502.00	140.49	49.59	65.56	73.51	
503.00	138.59	49.90	65.47	73.41	
504.00	136.54	50.17	65.36	73.28	
505.00	134.21	50.51	65.00	73.00	
506.00	131.50	51.27	64.53	72.47	
507.00	128.89	51.81	64.53	72.47	
508.00	126.18	52.18	64.45	72.39	
509.00	123.33	52.58	64.31	72.23	
510.00	120.18	53.00	64.00	72.00	
511.00	116.96	53.54	63.47	71.40	
512.00	113.87	54.24	63.47	71.40	
513.00	110.89	55.05	63.39	71.32	
514.00	107.98	55.91	63.26	71.17	
515.00	105.20	56.67	63.00	70.00	
516.00	102.30	57.61	62.45	69.39	
517.00	99.81	58.30	62.45	69.39	
518.00	97.56	58.83	62.36	69.29	
519.00	95.51	59.25	62.22	69.14	
520.00	93.81	59.56	62.00	68.00	
521.00	92.30	60.16	61.44	67.38	
522.00	91.02	60.45	61.46	67.40	
523.00	89.80	60.53	61.40	67.35	
524.00	88.83	60.60	61.26	67.19	
525.00	88.03	60.69	61.00	66.00	
526.00	87.24	60.99	60.49	65.45	
527.00	86.61	61.11	60.55	65.52	
528.00	86.27	61.14	60.49	65.45	
529.00	86.06	61.09	60.43	65.38	
530.00	85.98	61.02	60.00	65.00	
531.00	85.98	60.93	59.66	64.63	
532.00	86.10	60.87	59.71	64.68	
533.00	86.34	60.82	59.68	64.66	
534.00	86.68	60.73	59.60	64.57	
535.00	87.08	60.56	60.00	64.00	
536.00	87.49	60.73	59.72	63.70	
537.00	88.19	60.61	59.76	63.75	
538.00	88.96	60.42	59.74	63.72	
539.00	89.94	60.21	59.69	63.67	
540.00	91.12	60.06	60.00	64.00	
541.00	92.29	59.88	59.72	63.70	
542.00	93.60	59.76	59.78	63.77	
543.00	95.12	59.74	59.79	63.78	
544.00	96.71	59.71	59.79	63.77	
545.00	98.49	59.66	60.00	63.00	
546.00	99.87	59.84	59.85	62.84	
547.00	101.71	59.83	59.88	62.88	
548.00	103.80	59.79	59.87	62.86	
549.00	106.00	59.79	59.81	62.80	
550.00	108.23	59.77	60.00	62.00	
551.00	110.31	59.92	59.85	61.84	
552.00	112.53	59.98	59.83	61.82	
553.00	114.92	60.03	59.73	61.72	
554.00	117.28	60.04	59.66	61.65	
555.00	119.67	60.08	59.00	62.00	
556.00	122.32	60.05	58.75	61.74	
557.00	124.93	60.18	58.79	61.78	
558.00	127.41	60.35	58.81	61.80	
559.00	129.87	60.57	58.81	61.80	
560.00	132.34	60.82	59.00	62.00	
561.00	134.49	61.28	58.87	61.86	
562.00	136.68	61.66	58.91	61.91	
563.00	138.90	62.07	58.95	61.95	
564.00	140.98	62.40	58.99	61.99	
565.00	142.86	62.50	59.00	62.00	
566.00	144.68	62.86	59.04	62.05	
567.00	146.33	62.84	59.04	62.04	
568.00	147.74	62.66	59.09	62.10	
569.00	148.99	62.51	59.19	62.20	
570.00	150.11	62.47	59.00	63.00	
571.00	150.93	62.01	59.24	63.26	
572.00	151.61	61.78	59.28	63.30	
573.00	152.21	61.74	59.34	63.37	
574.00	152.59	61.70	59.45	63.48	
575.00	152.71	61.68	60.00	64.00	
576.00	152.94	61.89	60.45	64.48	
577.00	152.70	61.86	60.49	64.53	
578.00	152.29	61.64	60.63	64.67	
579.00	151.68	61.21	60.83	64.89	
580.00	150.91	60.76	61.00	65.00	
581.00	150.17	60.50	61.76	65.81	
582.00	149.23	60.12	61.76	65.81	
583.00	148.24	59.70	61.85	65.91	
584.00	147.10	59.18	62.01	66.08	
585.00	145.75	58.58	62.00	66.00	
586.00	144.56	58.34	62.80	66.85	
587.00	143.14	57.77	62.73	66.78	
588.00	141.58	57.05	62.81	66.87	
589.00	139.92	56.30	63.02	67.09	
590.00	138.25	55.67	63.00	67.00	
591.00	136.39	55.47	63.82	67.87	
592.00	134.60	55.21	63.73	67.78	
593.00	132.90	55.01	63.77	67.82	
594.00	131.30	54.87	63.90	67.95	
595.00	129.78	54.77	64.00	68.00	
596.00	128.52	54.83	64.70	68.74	
597.00	127.32	54.70	64.57	68.61	
598.00	126.15	54.49	64.56	68.60	
599.00	125.06	54.26	64.62	68.65	
600.00	124.08	54.03	65.00	69.00	
601.00	123.21	53.81	65.44	69.47	
602.00	122.49	53.61	65.39	69.41	
603.00	122.04	53.47	65.41	69.43	
604.00	121.67	53.35	65.49	69.52	
605.00	121.51	53.29	65.00	70.00	
606.00	121.97	53.01	65.35	70.38	
607.00	122.30	52.98	65.28	70.31	
608.00	122.61	53.04	65.31	70.33	
609.00	123.06	53.09	65.36	70.39	
610.00	123.66	53.05	65.00	71.00	
611.00	124.84	53.01	65.30	71.33	
612.00	126.08	53.00	65.25	71.27	
613.00	127.28	52.97	65.28	71.30	
614.00	128.66	52.86	65.30	71.32	
615.00	130.30	52.51	66.00	71.00	
616.00	131.81	52.57	66.25	71.27	
617.00	133.80	52.21	66.28	71.31	
618.00	136.11	51.76	66.26	71.28	
619.00	138.49	51.29	66.27	71.29	
620.00	141.05	50.71	67.00	71.00	
621.00	143.72	50.50	67.21	71.23	
622.00	146.58	50.03	67.28	71.30	
623.00	149.59	49.44	67.42	71.44	
624.00	152.76	48.91	67.55	71.58	
625.00	156.02	48.37	68.00	72.00	
626.00	159.26	47.50	68.51	72.54	
627.00	162.49	47.01	68.46	72.49	
628.00	165.71	46.61	68.57	72.60	
629.00	168.95	46.32	68.66	72.70	
630.00	172.15	46.07	69.00	73.00	
631.00	175.19	45.71	69.52	73.55	
632.00	178.25	45.45	69.45	73.47	
633.00	181.27	45.23	69.47	73.50	
634.00	184.21	45.04	69.54	73.57	
635.00	187.02	44.89	70.00	74.00	
636.00	189.77	44.92	70.42	74.44	
637.00	192.45	44.97	70.34	74.36	
638.00	195.01	45.13	70.32	74.34	
639.00	197.39	45.32	70.32	74.33	
640.00	199.53	45.49	70.00	75.00	
641.00	202.02	45.20	70.24	75.25	
642.00	203.95	45.13	70.22	75.24	
643.00	205.55	45.12	70.23	75.25	
644.00	206.86	45.00	70.29	75.31	
645.00	207.85	44.80	70.00	75.00	
646.00	208.88	44.78	70.26	75.28	
647.00	209.66	44.72	70.25	75.26	
648.00	210.15	44.62	70.28	75.30	
649.00	210.44	44.49	70.34	75.36	
650.00	210.53	44.32	70.00	76.00	
651.00	210.94	43.80	70.28	76.30	
652.00	210.87	43.48	70.29	76.31	
653.00	210.45	43.24	70.36	76.39	
654.00	209.97	43.05	70.45	76.49	
655.00	209.32	42.81	71.00	76.00	
656.00	208.26	42.76	71.39	76.42	
657.00	207.20	42.64	71.37	76.40	
658.00	206.01	42.40	71.49	76.53	
659.00	204.59	42.11	71.64	76.69	
660.00	203.06	41.77	72.00	77.00	
661.00	201.20	41.52	72.52	77.55	
662.00	199.13	41.05	72.54	77.58	
663.00	196.82	40.43	72.68	77.72	
664.00	194.35	39.93	72.76	77.81	
665.00	191.61	39.33	73.00	79.00	
666.00	189.06	38.46	73.50	79.54	
667.00	186.00	37.86	73.45	79.48	
668.00	182.72	37.42	73.46	79.50	
669.00	179.33	37.08	73.48	79.52	
670.00	175.72	36.58	73.00	79.00	
671.00	172.29	36.49	73.38	79.41	
672.00	168.57	36.12	73.37	79.40	
673.00	164.69	35.66	73.43	79.47	
674.00	160.80	35.33	73.48	79.52	
675.00	156.93	35.08	74.00	80.00	
676.00	153.15	34.70	74.37	80.40	
677.00	149.32	34.41	74.35	80.38	
678.00	145.58	34.21	74.40	80.43	
679.00	141.99	34.11	74.48	80.52	
680.00	138.54	34.07	74.00	81.00	
681.00	135.56	33.99	74.41	81.45	
682.00	132.55	34.02	74.35	81.38	
683.00	129.56	34.10	74.35	81.38	
684.00	126.72	34.21	74.36	81.39	
685.00	124.14	34.36	74.00	82.00	
686.00	121.37	34.15	74.21	82.24	
687.00	118.91	34.19	74.08	82.09	
688.00	116.61	34.26	74.06	82.07	
689.00	114.48	34.34	74.05	82.06	
690.00	112.54	34.49	74.00	82.00	
691.00	111.07	34.21	74.03	82.03	
692.00	109.49	34.23	74.02	82.03	
693.00	107.97	34.22	74.06	82.06	
694.00	106.65	34.03	74.08	82.09	
695.00	105.65	33.81	74.00	82.00	
696.00	105.13	33.82	73.99	81.99	
697.00	104.59	33.85	73.96	81.95	
698.00	104.10	33.88	73.98	81.98	
699.00	103.78	34.03	73.98	81.98	
700.00	103.79	34.18	74.00	82.00	
701.00	104.12	34.05	73.91	81.90	
702.00	104.48	33.94	73.85	81.83	
703.00	104.99	33.83	73.77	81.74	
704.00	105.74	33.71	73.64	81.60	
705.00	106.73	33.50	73.00	82.00	
706.00	107.83	32.83	72.71	81.67	
707.00	108.89	32.59	72.79	81.76	
708.00	110.00	32.72	72.81	81.79	
709.00	111.26	33.08	72.76	81.73	
710.00	112.59	33.54	72.00	81.00	
711.00	114.24	34.36	71.84	80.82	
712.00	115.73	34.97	71.85	80.83	
713.00	117.05	35.42	71.87	80.85	
714.00	118.52	35.79	71.82	80.80	
715.00	119.99	36.34	71.00	81.00	
716.00	121.25	36.42	70.89	80.88	
717.00	122.43	36.93	70.96	80.96	
718.00	123.47	37.55	71.02	81.02	
719.00	124.51	38.33	71.01	81.01	
720.00	125.41	38.94	71.00	81.00	
721.00	125.93	39.52	70.94	80.93	
722.00	126.55	39.91	70.89	80.87	
723.00	127.18	40.25	70.81	80.79	
724.00	127.60	40.49	70.78	80.75	
725.00	127.87	40.68	70.00	80.00	
726.00	128.11	41.13	69.75	79.72	
727.00	128.04	41.27	69.72	79.68	
728.00	127.66	41.19	69.70	79.66	
729.00	127.14	41.20	69.59	79.53	
730.00	126.30	41.16	70.00	79.00	
731.00	124.99	41.05	69.67	78.62	
732.00	123.63	41.10	69.69	78.65	
733.00	122.17	41.29	69.60	78.54	
734.00	120.49	41.53	69.48	78.41	
735.00	118.45	41.76	69.00	78.00	
736.00	115.79	42.21	68.54	77.48	
737.00	113.04	42.55	68.53	77.47	
738.00	110.08	42.83	68.45	77.37	
739.00	106.83	43.14	68.32	77.23	
740.00	103.23	43.43	68.00	77.00	
741.00	99.29	43.49	67.43	76.36	
742.00	95.28	43.87	67.41	76.33	
743.00	91.11	44.43	67.33	76.24	
744.00	86.76	44.96	67.26	76.16	
745.00	82.40	45.50	68.00	77.00	
746.00	77.70	45.58	67.46	76.39	
747.00	73.39	45.89	67.49	76.42	
748.00	69.32	46.32	67.39	76.31	
749.00	65.40	46.79	67.27	76.18	
750.00	61.77	47.11	67.00	76.00	
751.00	58.56	47.35	66.51	75.44	
752.00	55.56	47.60	66.64	75.59	
753.00	52.87	47.87	66.71	75.68	
754.00	50.56	48.14	66.78	75.75	
755.00	48.67	48.46	66.00	76.00	
756.00	47.31	48.28	66.00	76.01	
757.00	46.23	48.35	66.08	76.09	
758.00	45.45	48.52	66.12	76.13	
759.00	45.05	48.69	66.11	76.13	
760.00	45.00	48.67	66.00	76.00	
761.00	45.06	49.00	65.97	75.97	
762.00	45.23	48.94	66.03	76.04	
763.00	45.68	48.95	66.00	76.00	
764.00	46.40	49.05	65.95	75.94	
765.00	47.34	49.23	66.00	76.00	
766.00	48.07	49.14	65.85	75.83	
767.00	49.29	49.22	65.77	75.73	
768.00	50.84	49.42	65.64	75.59	
769.00	52.67	49.60	65.51	75.43	
770.00	54.78	49.85	65.00	75.00	
771.00	57.17	50.24	64.63	74.57	
772.00	59.58	50.54	64.71	74.66	
773.00	62.26	50.91	64.66	74.60	
774.00	65.08	51.34	64.55	74.48	
775.00	68.05	51.80	65.00	74.00	
776.00	71.10	52.52	64.67	73.62	
777.00	74.33	53.17	64.70	73.66	
778.00	77.64	53.72	64.68	73.64	
779.00	81.18	54.16	64.57	73.51	
780.00	84.82	54.46	64.00	74.00	
781.00	88.57	54.52	63.60	73.54	
782.00	92.20	54.92	63.55	73.48	
783.00	95.71	55.43	63.45	73.36	
784.00	99.13	56.04	63.27	73.15	
785.00	102.36	56.63	63.00	72.00	
786.00	105.08	57.64	62.37	71.28	
787.00	107.71	58.39	62.42	71.34	
788.00	110.27	59.11	62.32	71.22	
789.00	112.57	59.81	62.19	71.07	
790.00	114.65	60.39	62.00	71.00	
791.00	116.76	60.48	61.33	70.24	
792.00	118.56	60.68	61.35	70.25	
793.00	119.90	60.86	61.32	70.22	
794.00	121.08	61.11	61.18	70.06	
795.00	122.14	61.37	61.00	70.00	
796.00	122.88	61.27	60.38	69.29	
797.00	123.56	61.42	60.47	69.40	
798.00	124.16	61.75	60.43	69.34	
799.00	124.58	62.11	60.32	69.21	
800.00	124.66	62.41	60.00	69.00	
801.00	124.89	62.23	59.54	68.47	
802.00	124.70	62.28	59.65	68.60	
803.00	124.41	62.43	59.62	68.57	
804.00	124.00	62.51	59.51	68.44	
805.00	123.33	62.54	60.00	68.00	
806.00	122.50	63.14	59.59	67.54	
807.00	121.83	63.65	59.60	67.54	
808.00	121.30	64.27	59.56	67.50	
809.00	120.87	64.92	59.50	67.43	
810.00	120.52	65.64	59.00	67.00	
811.00	120.56	66.57	58.65	66.61	
812.00	120.56	67.25	58.73	66.69	
813.00	120.58	67.75	58.77	66.74	
814.00	120.68	68.14	58.80	66.77	
815.00	120.96	68.41	59.00	67.00	
816.00	121.41	68.15	58.89	66.88	
817.00	122.10	68.11	58.86	66.84	
818.00	122.83	68.02	58.88	66.87	
819.00	123.77	67.90	58.90	66.88	
820.00	124.99	67.84	59.00	67.00	
821.00	126.22	67.86	59.00	67.00	
822.00	127.57	67.83	59.01	67.02	
823.00	129.14	67.65	59.09	67.10	
824.00	130.95	67.49	59.13	67.15	
825.00	133.06	67.34	59.00	68.00	
826.00	135.17	66.74	59.16	68.19	
827.00	137.56	66.31	59.19	68.22	
828.00	140.28	65.93	59.25	68.29	
829.00	143.23	65.52	59.32	68.37	
830.00	146.42	65.18	60.00	69.00	
831.00	149.37	64.78	60.24	69.28	
832.00	152.70	64.56	60.26	69.30	
833.00	156.38	64.55	60.25	69.29	
834.00	160.18	64.48	60.28	69.32	
835.00	163.96	64.31	60.00	70.00	
836.00	167.73	63.84	60.22	70.26	
837.00	171.43	63.63	60.21	70.25	
838.00	174.99	63.53	60.26	70.31	
839.00	178.43	63.54	60.26	70.31	
840.00	181.58	63.53	60.00	70.00	
841.00	185.02	63.90	60.14	70.16	
842.00	187.95	63.94	60.06	70.07	
843.00	190.54	63.85	60.02	70.02	
844.00	192.83	63.72	60.00	70.00	
845.00	194.95	63.60	60.00	70.00	
846.00	197.05	63.81	59.97	69.96	
847.00	198.96	63.80	59.94	69.93	
848.00	200.61	63.72	59.93	69.91	
849.00	202.13	63.71	59.90	69.88	
850.00	203.29	63.75	60.00	70.00	
851.00	204.05	63.99	60.00	69.99	
852.00	204.75	64.07	60.07	70.08	
853.00	205.34	64.08	60.15	70.18	
854.00	205.68	64.03	60.28	70.33	
855.00	205.78	63.96	60.00	70.00	
856.00	205.87	63.85	60.31	70.36	
857.00	205.62	63.66	60.36	70.42	
858.00	205.13	63.50	60.49	70.57	
859.00	204.37	63.32	60.66	70.78	
860.00	203.37	63.07	62.00	72.00	
861.00	201.87	62.58	62.66	72.77	
862.00	200.36	62.03	62.68	72.79	
863.00	198.79	61.40	62.78	72.90	
864.00	197.02	60.78	62.87	73.01	
865.00	194.89	60.02	63.00	74.00	
866.00	192.74	59.29	63.67	74.79	
867.00	190.35	58.55	63.60	74.70	
868.00	187.63	57.84	63.61	74.72	
869.00	184.84	57.10	63.65	74.77	
870.00	181.92	56.24	64.00	75.00	
871.00	179.06	55.10	64.49	75.57	
872.00	176.07	54.09	64.48	75.56	
873.00	173.06	53.21	64.52	75.61	
874.00	170.00	52.46	64.63	75.74	
875.00	167.01	51.94	65.00	76.00	
876.00	164.12	51.62	65.46	76.53	
877.00	161.33	51.43	65.41	76.48	
878.00	158.65	51.28	65.48	76.56	
879.00	156.14	51.13	65.58	76.68	
880.00	153.78	50.81	66.00	77.00	
881.00	151.82	50.70	66.48	77.56	
882.00	149.88	50.41	66.48	77.56	
883.00	148.06	50.15	66.57	77.66	
884.00	146.40	49.97	66.72	77.84	
885.00	145.06	49.94	67.00	78.00	
886.00	143.75	49.92	67.54	78.62	
887.00	142.63	49.81	67.55	78.64	
888.00	141.77	49.79	67.61	78.72	
889.00	141.04	49.75	67.77	78.89	
890.00	140.60	49.70	68.00	79.00	
891.00	140.62	49.96	68.58	79.67	
892.00	140.59	50.01	68.56	79.64	
893.00	140.68	50.00	68.62	79.72	
894.00	140.90	49.97	68.77	79.90	
895.00	141.26	49.91	70.00	80.00	
896.00	141.57	49.92	70.62	80.71	
897.00	142.23	49.65	70.57	80.66	
898.00	143.09	49.14	70.67	80.76	
899.00	144.02	48.45	70.80	80.91	
900.00	145.02	47.72	71.00	81.00	
901.00	146.09	47.21	71.65	81.75	
902.00	147.24	46.51	71.70	81.80	
903.00	148.45	45.74	71.89	82.01	
904.00	149.82	44.94	72.19	82.36	
905.00	151.34	44.04	73.00	83.00	
906.00	152.57	43.04	74.11	84.26	
907.00	154.13	41.91	74.06	84.20	
908.00	155.78	40.64	74.27	84.44	
909.00	157.47	39.37	74.58	84.79	
910.00	159.27	38.29	75.00	85.00	
911.00	160.73	37.11	76.33	86.50	
912.00	162.41	36.33	76.21	86.37	
913.00	164.17	35.82	76.31	86.49	
914.00	165.87	35.37	76.57	86.78	
915.00	167.44	34.92	78.00	88.00	
916.00	168.59	34.57	79.34	89.51	
917.00	169.94	34.22	79.10	89.25	
918.00	171.28	33.81	79.10	89.24	
919.00	172.49	33.30	79.20	89.35	
920.00	173.52	32.73	79.00	90.00	
921.00	174.82	32.36	79.94	91.07	
922.00	175.69	31.89	79.85	90.97	
923.00	176.24	31.46	79.87	90.99	
924.00	176.60	31.05	79.98	91.12	
925.00	176.77	30.71	80.00	91.00	
926.00	176.86	30.51	80.79	91.90	
927.00	176.49	30.11	80.80	91.90	
928.00	175.80	29.59	80.95	92.08	
929.00	174.92	29.04	81.19	92.35	
930.00	176.37	30.89	77.00	86.00	
931.00	174.15	30.42	77.90	87.00	
932.00	172.58	30.58	77.86	86.96	
933.00	170.64	30.70	77.92	87.03	
934.00	168.27	30.73	78.04	87.16	
935.00	165.56	30.58	78.00	87.00	
936.00	162.73	30.38	78.80	87.89	
937.00	159.37	29.67	78.87	87.97	
938.00	155.69	28.63	79.15	88.28	
939.00	151.96	27.73	79.32	88.48	
940.00	148.16	27.22	80.00	89.00	
941.00	144.04	26.68	80.74	89.83	
942.00	139.94	26.48	80.69	89.77	
943.00	136.00	26.51	80.76	89.84	
944.00	132.12	26.45	80.96	90.07	
945.00	128.40	26.23	82.00	91.00	
946.00	124.61	25.78	82.65	91.72	
947.00	121.50	25.50	82.40	91.45	
948.00	118.85	25.35	82.23	91.25	
949.00	116.43	25.31	82.10	91.12	
950.00	114.22	25.46	82.00	91.00	
951.00	112.02	25.27	81.90	90.88	
952.00	110.24	25.47	81.78	90.76	
953.00	108.78	25.77	81.67	90.63	
954.00	107.68	26.20	81.48	90.42	
955.00	106.99	26.81	81.00	90.00	
956.00	106.63	27.76	80.42	89.35	
957.00	106.60	28.75	80.33	89.26	
958.00	106.93	29.88	80.11	89.01	
959.00	107.49	31.15	79.82	88.69	
960.00	108.33	32.61	79.00	87.00	
961.00	109.05	34.45	77.95	85.84	
962.00	110.13	36.08	77.96	85.86	
963.00	111.30	37.61	77.82	85.70	
964.00	112.47	39.13	77.57	85.43	
965.00	113.59	40.56	76.00	84.00	
966.00	114.99	42.21	74.85	82.73	
967.00	115.92	43.18	74.83	82.71	
968.00	116.62	43.59	74.59	82.44	
969.00	117.18	43.67	74.29	82.11	
970.00	117.51	43.60	73.00	81.00	
971.00	118.17	43.91	71.80	79.67	
972.00	118.36	44.04	71.93	79.81	
973.00	118.22	44.12	71.76	79.63	
974.00	117.90	44.18	71.52	79.35	
975.00	117.43	44.21	72.00	79.00	
976.00	116.42	44.04	70.86	77.75	
977.00	115.46	44.02	70.97	77.87	
978.00	114.41	44.16	70.92	77.81	
979.00	113.15	44.45	70.77	77.65	
980.00	111.62	44.90	70.00	77.00	
981.00	110.39	45.54	69.16	76.08	
982.00	108.74	46.18	69.27	76.20	
983.00	106.81	46.84	69.22	76.15	
984.00	104.73	47.48	69.10	76.02	
985.00	102.48	48.02	69.00	76.00	
986.00	99.73	48.59	68.33	75.26	
987.00	97.20	49.29	68.32	75.25	
988.00	94.70	49.91	68.17	75.08	
989.00	92.15	50.47	67.95	74.84	
990.00	89.52	51.10	67.00	75.00	
991.00	87.35	51.80	66.21	74.11	
992.00	84.93	52.69	66.30	74.22	
993.00	82.46	53.63	66.25	74.16	
994.00	80.10	54.45	66.12	74.01	
995.00	77.94	55.16	66.00	74.00	
996.00	76.08	55.77	65.25	73.16	
997.00	74.40	56.47	65.20	73.11	
998.00	72.90	56.98	65.05	72.93	
999.00	71.59	57.25	64.86	72.72	
1000.00	70.48	57.34	65.00	73.00	
1001.00	69.07	57.05	64.17	72.07	
1002.00	68.10	56.92	64.36	72.29	
1003.00	67.41	56.84	64.43	72.36	
1004.00	66.90	56.76	64.42	72.35	
1005.00	66.58	56.68	64.00	72.00	
1006.00	66.73	56.83	63.62	71.57	
1007.00	66.90	56.82	63.67	71.62	
1008.00	67.20	56.74	63.64	71.59	
1009.00	67.65	56.65	63.59	71.54	
1010.00	68.45	56.59	64.00	71.00	
1011.00	68.90	56.85	63.69	70.66	
1012.00	69.99	56.90	63.74	70.71	
1013.00	71.45	56.86	63.75	70.73	
1014.00	73.23	56.89	63.71	70.68	
1015.00	75.40	56.98	64.00	70.00	
1016.00	77.34	57.08	63.79	69.77	
1017.00	79.87	57.23	63.81	69.79	
1018.00	82.78	57.41	63.79	69.77	
1019.00	86.05	57.68	63.72	69.70	
1020.00	89.64	58.05	63.00	70.00	
1021.00	93.58	58.40	62.77	69.74	
1022.00	97.60	58.75	62.79	69.76	
1023.00	101.70	59.06	62.77	69.74	
1024.00	105.91	59.34	62.71	69.68	
1025.00	110.19	59.51	63.00	69.00	
1026.00	114.28	60.08	62.76	68.74	
1027.00	118.49	60.28	62.73	68.70	
1028.00	122.69	60.38	62.66	68.62	
1029.00	126.78	60.53	62.58	68.54	
1030.00	130.68	60.74	62.00	68.00	
1031.00	134.73	61.20	61.68	67.65	
1032.00	138.40	61.56	61.74	67.71	
1033.00	141.76	61.88	61.74	67.71	
1034.00	144.94	62.31	61.65	67.62	
1035.00	147.81	62.64	61.00	67.00	
1036.00	150.72	63.17	60.70	66.67	
1037.00	153.30	63.34	60.75	66.72	
1038.00	155.68	63.36	60.70	66.67	
1039.00	157.92	63.38	60.62	66.59	
1040.00	159.95	63.46	60.00	67.00	
1041.00	161.96	63.18	59.76	66.73	
1042.00	163.83	63.21	59.84	66.82	
1043.00	165.56	63.28	59.90	66.89	
1044.00	167.22	63.32	59.93	66.92	
1045.00	168.59	63.29	60.00	67.00	
1046.00	170.27	63.04	59.96	66.95	
1047.00	171.57	62.96	59.99	66.99	
1048.00	172.63	62.99	60.04	67.05	
1049.00	173.62	63.07	60.10	67.11	
1050.00	174.51	63.16	60.00	68.00	
1051.00	175.72	63.15	60.11	68.13	
1052.00	176.53	63.21	60.18	68.20	
1053.00	177.13	63.31	60.29	68.33	
1054.00	177.63	63.37	60.45	68.51	
1055.00	178.09	63.41	61.00	69.00	
1056.00	178.30	62.91	61.46	69.52	
1057.00	178.52	62.64	61.46	69.52	
1058.00	178.70	62.45	61.54	69.61	
1059.00	178.74	62.25	61.65	69.74	
1060.00	178.36	61.93	63.00	70.00	
1061.00	177.64	61.60	63.65	70.73	
1062.00	177.01	61.15	63.71	70.79	
1063.00	176.30	60.60	63.89	70.99	
1064.00	175.44	59.99	64.11	71.24	
1065.00	174.48	59.45	66.00	73.00	
1066.00	172.87	58.27	66.92	74.02	
1067.00	171.51	57.39	66.85	73.94	
1068.00	170.23	56.65	66.84	73.93	
1069.00	168.96	55.95	66.84	73.93	
1070.00	167.45	55.14	66.94	74.04	
1071.00	165.85	54.32	67.05	74.17	
1072.00	164.23	53.57	67.20	74.33	
1073.00	162.67	52.94	67.35	74.49	
1074.00	161.14	52.45	67.53	74.69	
1075.00	159.73	52.08	67.72	74.90	
1076.00	158.42	51.83	67.92	75.12	
1077.00	157.17	51.62	68.13	75.36	
1078.00	156.09	51.44	68.35	75.60	
1079.00	155.12	51.26	68.56	75.83	
1080.00	154.25	51.01	68.75	76.04	
1081.00	153.57	50.74	68.93	76.24	
1082.00	152.93	50.45	69.11	76.44	
1083.00	152.45	50.20	69.30	76.65	
1084.00	152.08	50.01	69.46	76.83	
1085.00	151.83	49.86	69.60	76.99	
1086.00	151.68	49.72	69.75	77.15	
1087.00	151.66	49.58	69.89	77.31	
1088.00	151.73	49.39	70.05	77.48	
1089.00	151.97	49.22	70.19	77.64	
1090.00	152.37	49.08	70.32	77.78	
1091.00	152.88	48.90	70.49	77.96	
1092.00	153.57	48.71	70.66	78.15	
1093.00	154.49	48.58	70.81	78.33	
1094.00	155.62	48.46	70.95	78.48	
1095.00	156.96	48.29	71.09	78.63	
1096.00	158.33	47.93	71.26	78.82	
1097.00	159.93	47.38	71.42	78.99	
1098.00	161.61	46.68	71.60	79.20	
1099.00	163.43	45.88	71.77	79.39	
1100.00	165.31	44.98	71.96	79.59	
1101.00	167.30	44.04	72.18	79.84	
1102.00	169.67	43.22	72.40	80.08	
1103.00	171.79	42.21	72.68	80.39	
1104.00	173.96	41.19	73.00	80.75	
1105.00	176.39	40.27	73.32	81.10	
1106.00	178.96	39.43	73.62	81.43	
1107.00	181.47	38.47	73.97	81.82	
1108.00	184.03	37.53	74.34	82.22	
1109.00	186.36	36.60	74.74	82.66	
1110.00	188.83	35.82	75.09	83.06	
1111.00	191.04	35.08	75.48	83.49	
1112.00	193.16	34.52	76.00	83.00	
1113.00	195.01	34.60	79.02	86.30	
1114.00	196.82	34.30	77.67	84.83	
1115.00	198.57	33.95	77.00	85.00	
1116.00	200.53	33.63	77.71	85.78	
1117.00	201.99	33.27	77.68	85.75	
1118.00	203.00	32.89	77.80	85.88	
1119.00	203.66	32.41	78.03	86.14	
1120.00	204.05	32.04	78.00	86.00	
1121.00	204.18	31.82	78.72	86.79	
1122.00	203.90	31.76	78.62	86.68	
1123.00	203.20	31.86	78.62	86.69	
1124.00	202.12	32.05	78.67	86.73	
1125.00	200.62	32.21	78.00	87.00	
1126.00	199.35	32.38	78.40	87.45	
1127.00	197.47	32.61	78.33	87.36	
1128.00	195.21	32.96	78.34	87.37	
1129.00	192.75	33.27	78.41	87.46	
1130.00	190.19	33.47	79.00	88.00	
1131.00	187.61	33.45	79.23	88.25	
1132.00	184.85	33.48	79.24	88.27	
1133.00	181.99	33.55	79.37	88.41	
1134.00	178.91	33.62	79.52	88.57	
1135.00	175.60	33.69	80.00	89.00	
1136.00	172.45	33.90	80.45	89.51	
1137.00	168.85	33.67	80.53	89.59	
1138.00	165.52	33.59	80.43	89.48	
1139.00	162.26	33.60	80.27	89.30	
1140.00	158.60	33.56	80.00	89.00	
1141.00	155.11	34.01	79.96	88.95	
1142.00	151.24	34.16	79.85	88.84	
1143.00	147.19	34.15	79.78	88.76	
1144.00	143.12	34.12	79.69	88.65	
1145.00	138.98	34.03	80.00	89.00	
1146.00	135.03	33.92	79.53	88.47	
1147.00	130.94	33.77	79.56	88.51	
1148.00	126.79	33.95	79.57	88.53	
1149.00	122.56	34.55	79.62	88.58	
1150.00	118.31	35.45	80.00	89.00	
1151.00	114.07	36.17	79.78	88.76	
1152.00	110.04	37.25	79.86	88.84	
1153.00	106.24	38.53	79.89	88.88	
1154.00	102.72	39.80	79.87	88.86	
1155.00	99.56	41.08	79.00	89.00	
1156.00	96.91	42.12	78.77	88.74	
1157.00	94.11	42.92	78.74	88.71	
1158.00	91.48	43.48	78.74	88.71	
1159.00	89.10	43.90	78.76	88.72	
1160.00	87.24	44.22	79.00	89.00	
1161.00	85.33	44.33	78.77	88.74	
1162.00	83.79	44.42	78.83	88.81	
1163.00	82.68	44.65	78.79	88.77	
1164.00	81.86	45.04	78.70	88.66	
1165.00	81.40	45.51	79.00	88.00	
1166.00	80.61	46.35	78.69	87.65	
1167.00	80.27	46.78	78.78	87.76	
1168.00	80.43	47.10	78.81	87.79	
1169.00	81.13	47.55	78.70	87.66	
1170.00	81.88	47.89	78.00	87.00	
1171.00	82.90	48.57	77.60	86.56	
1172.00	83.87	49.25	77.50	86.45	
1173.00	85.00	50.23	77.21	86.11	
1174.00	86.21	51.28	76.95	85.82	
1175.00	87.38	52.34	77.00	86.00	
1176.00	88.51	53.17	76.37	85.30	
1177.00	89.94	54.26	76.28	85.20	
1178.00	91.40	55.32	75.99	84.87	
1179.00	92.72	56.20	75.63	84.47	
1180.00	93.84	56.73	75.00	83.00	
1181.00	94.94	57.43	74.06	81.96	
1182.00	95.70	57.69	74.13	82.04	
1183.00	96.28	57.73	73.98	81.87	
1184.00	96.66	57.63	73.74	81.60	
1185.00	96.81	57.41	73.00	82.00	
1186.00	96.78	56.78	72.21	81.11	
1187.00	96.55	56.48	72.37	81.29	
1188.00	96.07	56.26	72.32	81.24	
1189.00	95.33	56.09	72.21	81.12	
1190.00	94.26	55.94	72.00	81.00	
1191.00	92.90	56.02	71.44	80.37	
1192.00	91.49	56.13	71.49	80.43	
1193.00	90.00	56.40	71.33	80.25	
1194.00	88.14	56.63	71.16	80.06	
1195.00	85.89	56.92	71.00	79.00	
1196.00	83.62	57.40	70.31	78.23	
1197.00	81.11	57.88	70.27	78.18	
1198.00	78.38	58.43	70.08	77.98	
1199.00	75.46	59.00	69.83	77.70	
1200.00	72.39	59.61	70.00	77.00	
1201.00	68.87	60.63	69.07	75.98	
1202.00	65.61	61.33	69.04	75.95	
1203.00	62.48	61.92	68.90	75.79	
1204.00	59.43	62.60	68.67	75.54	
1205.00	56.61	63.44	67.00	75.00	
1206.00	54.37	63.78	66.07	73.96	
1207.00	52.05	64.45	66.12	74.01	
1208.00	49.96	65.06	65.98	73.86	
1209.00	48.16	65.59	65.75	73.60	
1210.00	46.68	65.91	65.00	73.00	
1211.00	45.80	66.19	64.09	71.97	
1212.00	45.12	66.33	64.19	72.08	
1213.00	44.64	66.33	64.15	72.04	
1214.00	44.45	66.22	64.06	71.95	
1215.00	44.61	66.01	64.00	72.00	
1216.00	45.30	65.74	63.30	71.21	
1217.00	46.06	65.61	63.33	71.25	
1218.00	47.01	65.36	63.27	71.18	
1219.00	48.25	65.16	63.17	71.06	
1220.00	49.64	64.90	63.00	71.00	
1221.00	51.54	64.73	62.41	70.33	
1222.00	53.52	64.53	62.51	70.44	
1223.00	55.81	64.25	62.52	70.46	
1224.00	58.45	64.16	62.48	70.42	
1225.00	61.37	64.18	63.00	71.00	
1226.00	64.28	64.09	62.74	70.71	
1227.00	67.61	64.14	62.85	70.83	
1228.00	71.58	64.38	62.84	70.82	
1229.00	75.82	64.67	62.81	70.79	
1230.00	80.31	64.95	63.00	71.00	
1231.00	84.66	65.16	62.89	70.87	
1232.00	89.44	65.37	62.86	70.85	
1233.00	94.33	65.60	62.84	70.82	
1234.00	99.22	65.74	62.78	70.75	
1235.00	104.03	65.77	63.00	70.00	
1236.00	108.67	66.18	62.74	69.72	
1237.00	113.07	66.47	62.73	69.70	
1238.00	117.19	66.74	62.69	69.66	
1239.00	120.91	66.96	62.67	69.63	
1240.00	124.19	67.10	63.00	70.00	
1241.00	127.07	67.02	62.77	69.75	
1242.00	129.65	66.90	62.84	69.83	
1243.00	131.97	66.84	62.89	69.88	
1244.00	134.02	66.90	62.93	69.92	
1245.00	135.78	67.07	63.00	70.00	
1246.00	137.42	67.09	63.03	70.03	
1247.00	138.81	67.20	63.05	70.05	
1248.00	139.72	67.23	63.11	70.12	
1249.00	140.33	67.26	63.12	70.13	
1250.00	140.59	67.23	63.00	70.00	
1251.00	140.92	66.89	63.14	70.15	
1252.00	140.64	66.68	63.15	70.17	
1253.00	139.88	66.48	63.27	70.30	
1254.00	138.85	66.29	63.38	70.42	
1255.00	137.51	66.14	63.00	71.00	
1256.00	136.31	65.85	63.39	71.43	
1257.00	134.53	65.65	63.38	71.42	
1258.00	132.29	65.44	63.45	71.50	
1259.00	129.65	65.06	63.59	71.67	
1260.00	126.69	64.48	64.00	73.00	
1261.00	123.85	63.54	64.51	73.59	
1262.00	120.37	62.85	64.55	73.63	
1263.00	116.68	62.12	64.68	73.77	
1264.00	112.80	61.38	64.81	73.92	
1265.00	108.72	60.53	65.00	74.00	
1266.00	104.72	60.01	65.63	74.72	
1267.00	100.34	59.13	65.65	74.74	
1268.00	95.99	58.24	65.68	74.78	
1269.00	91.65	57.53	65.72	74.82	
1270.00	87.07	57.01	66.00	75.00	
1271.00	82.61	56.53	66.47	75.53	
1272.00	78.28	56.15	66.50	75.56	
1273.00	74.21	55.80	66.60	75.68	
1274.00	70.34	55.39	66.76	75.87	
1275.00	66.63	54.90	67.00	76.00	
1276.00	63.55	54.48	67.60	76.68	
1277.00	60.55	54.03	67.54	76.61	
1278.00	57.75	53.55	67.59	76.67	
1279.00	55.25	53.13	67.67	76.76	
1280.00	53.10	52.78	68.00	77.00	
1281.00	50.99	52.63	68.59	77.66	
1282.00	49.25	52.36	68.54	77.61	
1283.00	47.78	51.98	68.61	77.69	
1284.00	47.78	51.98	68.61	77.69	
1285.00	46.13	51.38	70.00	79.00	
1286.00	45.50	50.98	70.64	79.72	
1287.00	45.50	50.98	70.64	79.72	
1288.00	45.06	50.76	70.84	79.95	
1289.00	45.33	50.77	71.00	80.13	
1290.00	46.04	50.75	71.00	80.00	
1291.00	46.74	50.85	71.76	80.85	
1292.00	47.67	50.80	71.78	80.88	
1293.00	49.01	50.79	71.84	80.94	
1294.00	50.74	50.56	71.88	80.99	
1295.00	53.03	49.88	72.00	81.00	
1296.00	54.96	49.53	72.62	81.70	
1297.00	57.45	49.01	72.56	81.63	
1298.00	60.31	48.48	72.46	81.52	
1299.00	63.25	48.09	72.31	81.34	
1300.00	66.34	47.51	72.00	80.00	
1301.00	69.07	47.25	72.16	80.18	
1302.00	72.11	46.42	72.33	80.37	
1303.00	75.26	45.47	72.60	80.66	
1304.00	78.29	44.66	72.97	81.08	
1305.00	81.35	43.99	74.00	82.00	
1306.00	84.38	43.62	74.77	82.85	
1307.00	87.60	43.27	74.75	82.83	
1308.00	90.87	43.08	74.88	82.97	
1309.00	94.12	43.02	75.08	83.20	
1310.00	97.23	43.02	76.00	83.00	
1311.00	100.08	43.18	76.74	83.81	
1312.00	102.99	43.24	76.64	83.70	
1313.00	105.77	43.24	76.67	83.74	
1314.00	108.34	43.38	76.74	83.80	
1315.00	110.61	43.59	76.00	84.00	
1316.00	113.33	43.99	76.51	84.57	
1317.00	115.62	43.96	76.58	84.64	
1318.00	117.21	43.87	76.69	84.76	
1319.00	118.36	43.99	76.73	84.80	
1320.00	119.20	44.28	77.00	85.00	
1321.00	120.44	43.78	77.28	85.31	
1322.00	121.52	43.12	77.39	85.43	
1323.00	122.65	42.36	77.82	85.90	
1324.00	122.65	42.36	77.82	85.90	
1325.00	122.65	42.36	77.00	86.00	
1326.00	123.99	41.67	77.54	86.60	
1327.00	124.28	41.16	77.81	86.90	
1328.00	124.24	40.84	78.18	87.32	
1329.00	123.86	40.59	78.54	87.72	
1330.00	123.33	40.02	79.00	88.00	
1331.00	122.57	39.24	79.78	88.86	
1332.00	121.96	38.27	79.66	88.74	
1333.00	121.37	37.39	79.82	88.91	
1334.00	120.79	36.84	80.06	89.18	
1335.00	120.15	36.61	80.00	89.00	
1336.00	119.68	36.94	80.56	89.62	
1337.00	119.32	36.99	80.47	89.53	
1338.00	118.99	36.96	80.52	89.57	
1339.00	118.51	36.94	80.66	89.73	
1340.00	117.99	36.82	81.00	90.00	
1341.00	117.75	36.99	81.38	90.42	
1342.00	117.51	36.94	81.33	90.37	
1343.00	117.24	36.69	81.45	90.50	
1344.00	117.14	36.35	81.57	90.64	
1345.00	117.34	35.97	82.00	91.00	
1346.00	117.34	35.58	82.36	91.40	
1347.00	117.87	35.21	82.26	91.29	
1348.00	118.66	34.87	82.25	91.28	
1349.00	119.63	34.54	82.28	91.31	
1350.00	120.78	34.21	82.00	92.00	
1351.00	122.27	33.61	82.20	92.22	
1352.00	123.78	33.13	82.19	92.22	
1353.00	125.42	32.73	82.21	92.24	
1354.00	127.36	32.52	82.19	92.22	
1355.00	129.73	32.63	82.00	92.00	
1356.00	132.37	33.09	81.95	91.94	
1357.00	134.99	33.42	81.84	91.82	
1358.00	137.79	33.66	81.73	91.69	
1359.00	141.18	33.54	81.70	91.66	
1360.00	142.86	31.09	80.00	90.00	
1361.00	147.47	31.98	79.57	89.52	
1362.00	150.91	32.06	79.38	89.30	
1363.00	154.65	32.39	79.13	89.03	
1364.00	158.80	32.82	78.82	88.67	
1365.00	165.22	34.51	74.00	82.00	
1366.00	168.41	35.47	72.61	80.46	
1367.00	171.22	36.19	72.52	80.36	
1368.00	173.10	36.55	72.50	80.34	
1369.00	173.85	36.88	72.57	80.42	
1370.00	173.43	36.86	74.00	81.00	
1371.00	175.17	38.04	72.75	79.63	
1372.00	176.89	38.83	72.29	79.13	
1373.00	178.27	39.06	71.87	78.66	
1374.00	178.45	38.73	71.77	78.56	
1375.00	177.98	38.25	72.00	79.00	
1376.00	178.86	38.33	70.37	77.21	
1377.00	179.84	38.72	70.23	77.05	
1378.00	180.27	39.05	69.94	76.73	
1379.00	179.92	39.20	69.81	76.60	
1380.00	179.87	39.77	69.00	75.00	
1381.00	180.46	40.81	67.53	73.40	
1382.00	181.02	42.00	67.37	73.23	
1383.00	181.28	43.07	67.00	72.82	
1384.00	181.40	44.13	66.57	72.35	
1385.00	181.50	45.24	66.00	72.00	
1386.00	182.18	46.15	64.68	70.56	
1387.00	182.57	47.27	64.97	70.87	
1388.00	182.78	48.20	65.16	71.08	
1389.00	183.39	49.38	65.00	70.91	
1390.00	184.33	50.64	65.00	70.00	
1391.00	184.27	52.18	64.34	69.29	
1392.00	184.43	53.53	64.37	69.32	
1393.00	184.73	54.88	64.24	69.18	
1394.00	185.09	56.03	64.11	69.04	
1395.00	185.74	56.64	63.00	68.00	
1396.00	186.73	57.17	62.14	67.08	
1397.00	187.78	57.07	62.10	67.03	
1398.00	189.00	56.85	61.92	66.83	
1399.00	190.48	56.92	61.60	66.49	
1400.00	191.68	57.14	61.00	67.00	
1401.00	193.62	57.45	60.10	66.01	
1402.00	195.60	58.21	59.89	65.79	
1403.00	197.44	58.98	59.67	65.54	
1404.00	198.96	59.57	59.54	65.40	
1405.00	200.36	60.34	60.00	66.00	
1406.00	202.36	61.17	58.75	64.63	
1407.00	204.67	62.20	58.64	64.50	
1408.00	206.99	62.97	58.54	64.39	
1409.00	209.21	63.36	58.51	64.36	
1410.00	211.42	63.47	59.00	65.00	
1411.00	213.25	63.17	58.36	64.30	
1412.00	214.95	63.58	58.64	64.60	
1413.00	216.46	64.57	58.63	64.60	
1414.00	217.34	65.52	58.71	64.68	
1415.00	217.75	66.39	59.00	65.00	
1416.00	218.22	66.62	58.92	64.92	
1417.00	218.22	66.71	59.16	65.18	
1418.00	217.96	66.78	59.36	65.40	
1419.00	217.37	66.80	59.55	65.60	
1420.00	216.46	66.89	60.00	66.00	
1421.00	214.67	67.07	60.46	66.51	
1422.00	212.84	67.30	60.34	66.37	
1423.00	210.68	67.53	60.29	66.32	
1424.00	208.20	67.84	60.19	66.20	
1425.00	205.12	68.16	60.00	66.00	
1426.00	201.76	68.25	59.99	65.99	
1427.00	198.19	68.46	59.87	65.85	
1428.00	194.18	68.45	59.76	65.74	
1429.00	189.80	68.31	59.60	65.56	
1430.00	184.78	68.21	59.00	65.00	
1431.00	180.07	68.00	58.65	64.61	
1432.00	174.98	68.11	58.58	64.54	
1433.00	169.70	68.33	58.43	64.38	
1434.00	164.39	68.26	58.28	64.21	
1435.00	159.31	67.63	58.00	63.00	
1436.00	153.93	67.12	57.71	62.68	
1437.00	148.94	66.25	57.91	62.90	
1438.00	144.15	65.49	58.02	63.03	
1439.00	139.43	64.94	58.19	63.21	
1440.00	134.84	64.48	58.00	64.00	
1441.00	130.86	63.54	58.54	64.59	
1442.00	127.05	62.77	58.79	64.87	
1443.00	123.49	62.11	59.14	65.25	
1444.00	120.02	61.56	59.51	65.66	
1445.00	116.56	61.07	60.00	67.00	
1446.00	113.61	60.58	61.03	68.15	
1447.00	110.50	60.25	60.89	68.00	
1448.00	107.38	59.92	60.98	68.09	
1449.00	104.38	59.52	61.17	68.31	
1450.00	101.62	59.15	61.00	69.00	
1451.00	99.27	58.68	61.90	70.01	
1452.00	96.95	58.33	61.86	69.98	
1453.00	94.78	57.91	62.01	70.14	
1454.00	92.78	57.12	62.22	70.38	
1455.00	90.90	55.88	63.00	71.00	
1456.00	89.16	54.65	63.99	72.11	
1457.00	87.20	53.29	63.92	72.03	
1458.00	85.17	52.14	64.01	72.13	
1459.00	83.08	51.34	64.20	72.36	
1460.00	81.00	51.06	65.00	73.00	
1461.00	78.71	50.79	65.92	74.03	
1462.00	76.37	50.61	65.84	73.94	
1463.00	74.03	50.23	65.91	74.02	
1464.00	71.72	49.44	66.06	74.19	
1465.00	69.60	48.15	66.00	75.00	
1466.00	67.81	46.80	66.90	76.02	
1467.00	65.84	45.73	66.75	75.86	
1468.00	63.47	45.23	66.62	75.71	
1469.00	60.61	44.94	66.56	75.64	
1470.00	57.81	44.78	66.00	75.00	
1471.00	55.60	44.55	66.19	75.22	
1472.00	53.34	44.10	65.94	74.94	
1473.00	50.88	43.58	65.77	74.74	
1474.00	48.65	43.44	65.60	74.55	
1475.00	46.76	43.83	65.00	74.00	
1476.00	44.73	44.41	64.67	73.63	
1477.00	42.41	45.15	64.72	73.69	
1478.00	40.01	46.20	64.65	73.60	
1479.00	37.60	47.60	64.48	73.41	
1480.00	34.72	48.97	64.00	73.00	
1481.00	31.96	50.41	63.77	72.74	
1482.00	29.16	51.96	63.75	72.72	
1483.00	26.49	53.47	63.67	72.62	
1484.00	23.89	54.76	63.60	72.54	
1485.00	21.42	55.65	64.00	72.00	
1486.00	18.61	56.91	63.77	71.75	
1487.00	16.20	57.76	63.79	71.76	
1488.00	13.78	58.35	63.81	71.79	
1489.00	11.51	58.82	63.81	71.79	
1490.00	9.25	59.14	64.00	72.00	
