1.00	145.00	53.00	68.00	101.00	
2.00	146.12	53.71	67.83	100.74	
3.00	146.54	54.19	67.67	100.51	
4.00	147.65	54.25	67.50	100.26	
5.00	150.33	53.57	68.00	99.00	
6.00	151.72	53.35	67.62	98.45	
7.00	153.11	53.04	67.79	98.69	
8.00	154.67	52.64	67.95	98.93	
9.00	157.10	52.53	68.08	99.11	
10.00	159.66	52.94	68.00	99.00	
11.00	161.21	53.71	68.06	99.09	
12.00	161.83	56.07	67.88	98.82	
13.00	162.67	59.09	67.50	98.28	
14.00	163.57	60.43	67.14	97.75	
15.00	166.41	60.37	67.00	97.00	
16.00	170.57	61.59	65.96	95.49	
17.00	173.79	64.22	65.75	95.19	
18.00	175.72	66.10	65.43	94.73	
19.00	179.31	66.12	65.14	94.31	
20.00	182.88	65.04	65.00	94.00	
21.00	184.14	62.07	63.60	91.97	
22.00	186.31	59.60	63.33	91.59	
23.00	189.45	58.33	63.11	91.26	
24.00	191.49	59.63	62.83	90.86	
25.00	193.40	64.25	62.00	89.00	
26.00	194.38	68.06	60.26	86.50	
27.00	193.80	71.60	60.14	86.34	
28.00	192.21	73.23	60.02	86.16	
29.00	191.27	74.75	59.61	85.57	
30.00	189.28	76.36	59.00	85.00	
31.00	186.03	76.06	57.62	83.01	
32.00	181.93	74.21	57.93	83.46	
33.00	178.54	72.87	58.15	83.78	
34.00	175.11	71.16	58.43	84.18	
35.00	171.28	69.85	59.00	84.00	
36.00	165.94	68.94	58.98	83.97	
37.00	161.38	67.64	59.14	84.19	
38.00	157.25	66.77	59.21	84.29	
39.00	152.68	65.70	59.50	84.72	
40.00	153.65	67.02	57.00	82.00	
41.00	152.95	67.43	57.52	82.74	
42.00	153.21	68.42	57.48	82.69	
43.00	153.54	69.59	57.26	82.38	
44.00	152.52	70.00	57.22	82.31	
45.00	151.07	70.35	57.00	83.00	
46.00	149.06	70.77	56.92	82.88	
47.00	146.49	71.30	56.76	82.64	
48.00	145.15	70.99	56.71	82.58	
49.00	145.33	70.96	56.49	82.26	
50.00	145.46	71.72	56.00	80.00	
51.00	144.00	71.28	55.35	79.07	
52.00	143.57	70.49	55.12	78.75	
53.00	145.13	70.58	54.88	78.39	
54.00	146.01	71.53	54.25	77.51	
55.00	147.28	73.55	54.00	76.00	
56.00	148.12	76.45	52.87	74.41	
57.00	147.75	79.78	53.05	74.67	
58.00	147.58	82.11	53.18	74.84	
59.00	147.99	83.72	53.26	74.96	
60.00	148.38	83.01	54.00	76.00	
61.00	149.59	81.36	53.88	75.83	
62.00	152.32	78.40	54.30	76.42	
63.00	155.11	74.58	54.80	77.12	
64.00	158.92	71.28	55.17	77.64	
65.00	163.18	69.88	55.00	78.00	
66.00	165.08	66.71	56.05	79.48	
67.00	168.08	64.16	56.36	79.92	
68.00	170.00	63.83	56.60	80.27	
69.00	171.77	65.59	56.80	80.55	
70.00	174.33	68.50	57.00	80.00	
71.00	175.55	69.93	58.14	81.59	
72.00	178.00	70.93	57.96	81.34	
73.00	179.01	71.48	58.06	81.49	
74.00	179.39	71.14	57.89	81.25	
75.00	181.36	71.05	58.00	81.00	
76.00	183.05	71.38	57.84	80.78	
77.00	182.32	70.48	57.57	80.40	
78.00	180.86	69.08	57.27	79.98	
79.00	181.10	68.31	56.96	79.55	
80.00	179.91	69.15	57.00	79.00	
81.00	177.78	70.66	56.31	78.05	
82.00	176.13	72.65	56.39	78.16	
83.00	174.59	73.72	56.35	78.10	
84.00	172.97	73.48	56.36	78.11	
85.00	172.10	71.67	57.00	78.00	
86.00	171.36	71.08	56.67	77.55	
87.00	169.57	70.65	56.92	77.89	
88.00	169.06	69.10	57.19	78.27	
89.00	167.45	67.89	57.52	78.71	
90.00	165.83	64.54	58.00	80.00	
91.00	164.38	62.98	58.60	80.82	
92.00	160.48	62.23	58.67	80.93	
93.00	155.77	60.48	58.83	81.14	
94.00	153.43	58.47	59.01	81.40	
95.00	153.48	60.73	59.00	81.00	
96.00	153.46	65.64	59.34	81.46	
97.00	152.99	69.33	58.84	80.78	
98.00	153.10	72.02	58.83	80.76	
99.00	152.67	73.95	58.75	80.66	
100.00	151.18	74.28	58.00	80.00	
101.00	151.54	75.40	57.43	79.22	
102.00	153.88	76.52	57.11	78.78	
103.00	154.56	75.53	56.88	78.46	
104.00	154.62	73.73	56.81	78.35	
105.00	157.43	74.04	56.00	77.00	
106.00	157.94	73.74	55.33	76.07	
107.00	160.27	73.57	55.65	76.52	
108.00	164.26	73.53	55.76	76.68	
109.00	168.21	74.16	56.00	77.00	
110.00	171.22	75.17	57.00	79.00	
111.00	173.00	73.79	57.58	79.80	
112.00	174.55	72.85	57.90	80.25	
113.00	174.55	72.85	57.90	80.25	
114.00	174.11	72.42	58.32	80.82	
115.00	176.62	71.56	58.00	81.00	
116.00	179.04	71.73	58.92	82.29	
117.00	182.39	71.79	58.80	82.12	
118.00	184.57	71.30	58.78	82.09	
119.00	184.96	70.53	58.78	82.08	
120.00	185.88	67.97	60.00	83.00	
121.00	186.34	68.09	59.92	82.90	
122.00	187.72	68.90	60.20	83.28	
123.00	188.24	72.03	60.24	83.34	
124.00	189.13	75.45	60.26	83.36	
125.00	190.95	77.51	60.00	83.00	
126.00	190.95	77.51	60.00	83.00	
127.00	190.60	77.62	59.86	82.80	
128.00	189.27	75.13	59.66	82.53	
129.00	185.25	71.90	59.60	82.45	
130.00	182.27	69.80	60.00	82.00	
131.00	179.83	66.80	59.70	81.60	
132.00	178.10	63.36	59.79	81.72	
133.00	176.62	61.96	59.89	81.85	
134.00	174.70	63.96	60.02	82.02	
135.00	171.00	66.97	60.00	82.00	
136.00	166.41	68.51	60.02	82.03	
137.00	162.46	68.37	60.15	82.20	
138.00	160.19	68.82	60.25	82.34	
139.00	157.59	69.04	60.27	82.37	
140.00	156.59	68.39	60.00	83.00	
141.00	156.97	66.91	60.08	83.12	
142.00	157.27	66.66	59.87	82.83	
143.00	157.27	66.66	59.87	82.83	
144.00	157.86	68.04	59.85	82.79	
145.00	159.83	68.10	60.00	83.00	
146.00	159.83	68.10	60.00	83.00	
147.00	159.83	68.10	60.00	83.00	
148.00	165.82	71.13	59.82	82.75	
149.00	166.79	71.95	59.79	82.71	
150.00	168.26	71.82	60.00	83.00	
151.00	169.09	71.44	60.14	83.19	
152.00	170.93	70.40	60.38	83.53	
153.00	174.39	68.75	60.72	84.00	
154.00	177.36	66.93	60.82	84.14	
155.00	177.90	65.13	61.00	85.00	
156.00	179.64	65.59	61.32	85.45	
157.00	180.34	68.14	61.27	85.37	
158.00	180.41	70.04	61.21	85.29	
159.00	180.43	71.31	60.93	84.91	
160.00	180.84	72.89	60.00	84.00	
161.00	180.62	74.00	60.05	84.07	
162.00	180.07	75.93	60.12	84.17	
163.00	178.11	77.74	60.14	84.20	
164.00	176.43	78.21	60.33	84.46	
165.00	175.85	77.76	60.00	84.00	
166.00	175.19	77.16	60.25	84.36	
167.00	175.39	74.85	60.23	84.32	
168.00	176.17	70.70	60.23	84.33	
169.00	175.97	67.76	60.24	84.33	
170.00	173.26	66.78	60.00	84.00	
171.00	170.12	67.17	60.21	84.29	
172.00	167.87	68.10	60.09	84.12	
173.00	166.79	69.05	59.97	83.96	
174.00	165.09	70.75	59.81	83.73	
175.00	162.62	73.28	59.00	84.00	
176.00	160.46	73.79	58.71	83.59	
177.00	156.53	72.04	58.71	83.59	
178.00	153.05	69.35	58.61	83.45	
179.00	151.22	68.40	58.55	83.35	
180.00	151.22	68.40	59.00	84.00	
181.00	150.65	68.86	58.53	83.33	
182.00	151.32	70.26	58.49	83.28	
183.00	154.27	71.00	58.50	83.29	
184.00	158.11	72.52	58.47	83.24	
185.00	159.48	76.01	59.00	84.00	
186.00	161.10	78.74	58.59	83.41	
187.00	162.44	81.52	58.81	83.73	
188.00	164.99	84.03	58.80	83.72	
189.00	167.57	84.80	59.00	84.00	
190.00	170.70	83.95	60.00	86.00	
191.00	173.87	82.94	60.43	86.62	
192.00	176.72	81.95	60.48	86.68	
193.00	179.92	78.83	60.59	86.84	
194.00	184.61	74.16	61.09	87.56	
195.00	185.97	72.75	61.00	87.00	
196.00	188.25	71.82	61.54	87.77	
197.00	190.65	70.86	61.55	87.79	
198.00	194.65	71.23	61.72	88.02	
199.00	199.80	72.29	61.84	88.19	
200.00	202.83	73.55	62.00	88.00	
201.00	206.08	74.53	62.62	88.88	
202.00	210.47	75.21	62.56	88.79	
203.00	212.94	75.61	62.28	88.40	
204.00	213.78	75.34	62.02	88.03	
205.00	213.34	74.57	62.00	87.00	
206.00	213.18	74.20	62.01	87.01	
207.00	210.79	73.38	62.02	87.03	
208.00	207.70	73.82	62.21	87.30	
209.00	208.17	74.19	62.42	87.59	
210.00	208.82	75.66	62.00	87.00	
211.00	206.63	75.56	62.42	87.59	
212.00	205.00	74.86	62.37	87.52	
213.00	205.05	73.94	62.23	87.33	
214.00	204.68	72.90	62.03	87.04	
215.00	203.66	72.16	61.00	86.00	
216.00	202.06	70.27	61.22	86.31	
217.00	200.89	69.57	61.55	86.78	
218.00	198.99	71.42	61.95	87.34	
219.00	196.96	74.49	62.12	87.59	
220.00	195.21	75.51	63.00	87.00	
221.00	195.26	75.84	63.59	87.82	
222.00	193.38	75.10	63.32	87.45	
223.00	191.78	73.52	63.26	87.36	
224.00	191.79	72.24	63.14	87.20	
225.00	192.70	73.08	61.00	85.00	
226.00	194.95	73.92	60.77	84.68	
227.00	197.92	75.45	60.80	84.72	
228.00	200.67	77.35	60.81	84.73	
229.00	201.37	78.10	60.72	84.61	
230.00	200.89	78.28	60.00	84.00	
231.00	203.09	78.66	59.39	83.15	
232.00	204.17	77.09	59.27	82.98	
233.00	205.65	74.52	59.21	82.89	
234.00	208.77	74.20	59.31	83.03	
235.00	212.05	74.20	59.00	82.00	
236.00	216.93	71.90	58.68	81.56	
237.00	221.22	72.06	58.67	81.54	
238.00	224.43	75.83	58.26	80.97	
239.00	228.71	81.44	57.63	80.10	
240.00	229.34	85.73	57.00	78.00	
241.00	228.54	88.49	56.82	77.75	
242.00	227.87	89.26	58.03	79.41	
243.00	226.82	89.98	58.91	80.61	
244.00	226.82	89.98	58.91	80.61	
245.00	232.53	91.16	59.00	82.00	
246.00	235.46	90.72	60.21	83.68	
247.00	235.46	90.72	60.21	83.68	
248.00	235.46	90.72	60.21	83.68	
249.00	230.95	88.09	61.07	84.88	
250.00	229.65	84.95	62.00	86.00	
251.00	228.78	83.84	64.31	89.20	
252.00	225.39	84.22	64.83	89.93	
253.00	221.64	84.55	65.66	91.07	
254.00	217.02	83.69	66.64	92.44	
255.00	214.35	83.57	68.00	94.00	
256.00	212.27	83.51	69.79	96.47	
257.00	208.66	81.14	68.81	95.12	
258.00	205.25	75.82	68.31	94.43	
259.00	205.85	69.54	67.95	93.93	
260.00	208.25	63.90	67.00	92.00	
261.00	212.00	59.80	66.81	91.74	
262.00	216.34	60.69	67.00	92.00	
263.00	219.86	65.89	67.04	92.05	
264.00	223.83	72.80	66.73	91.63	
265.00	228.20	77.76	66.00	91.00	
266.00	231.75	80.78	65.88	90.83	
267.00	236.19	83.90	66.41	91.56	
268.00	241.01	83.44	66.94	92.30	
269.00	245.45	78.47	67.27	92.75	
270.00	246.25	70.94	69.00	94.00	
271.00	250.88	66.40	69.88	95.19	
272.00	254.96	62.07	69.63	94.86	
273.00	255.04	58.30	69.31	94.43	
274.00	255.04	58.30	69.31	94.43	
275.00	255.04	58.30	65.00	95.00	
276.00	251.22	61.07	64.41	94.14	
277.00	248.41	64.26	64.14	93.75	
278.00	247.09	65.69	63.94	93.46	
279.00	246.47	65.27	63.79	93.23	
280.00	247.13	63.14	64.00	93.00	
281.00	245.86	61.40	63.77	92.67	
282.00	245.51	60.00	64.20	93.29	
283.00	247.45	59.09	64.41	93.59	
284.00	246.31	58.10	64.81	94.17	
285.00	245.60	58.25	65.00	95.00	
286.00	246.21	56.86	65.66	95.97	
287.00	246.46	55.17	65.63	95.93	
288.00	248.01	55.25	65.60	95.87	
289.00	248.11	56.48	65.59	95.86	
290.00	247.80	56.77	66.00	96.00	
291.00	246.64	56.75	66.62	96.89	
292.00	245.48	56.25	66.90	97.31	
293.00	245.99	56.73	67.12	97.62	
294.00	246.99	58.19	67.21	97.76	
295.00	246.99	59.13	68.00	99.00	
296.00	246.12	60.30	68.53	99.77	
297.00	241.88	62.11	68.15	99.21	
298.00	234.93	64.56	67.96	98.94	
299.00	227.35	66.36	67.76	98.65	
300.00	220.85	66.58	67.00	98.00	
301.00	216.25	66.75	66.40	97.12	
302.00	208.77	66.31	66.01	96.55	
303.00	204.08	67.26	65.56	95.89	
304.00	199.21	67.38	65.40	95.66	
305.00	196.51	66.60	65.00	95.00	
306.00	194.99	65.71	64.55	94.34	
307.00	192.17	66.18	65.15	95.22	
308.00	189.23	68.04	65.55	95.81	
309.00	186.09	69.23	65.95	96.38	
310.00	183.36	69.05	67.00	97.00	
311.00	179.76	68.50	67.71	98.03	
312.00	174.65	66.89	67.61	97.88	
313.00	169.96	64.87	67.55	97.80	
314.00	165.07	64.22	67.17	97.25	
315.00	156.88	62.54	65.00	95.00	
316.00	148.21	60.64	64.41	94.14	
317.00	140.27	58.97	63.80	93.24	
318.00	133.43	57.93	63.15	92.30	
319.00	128.11	56.66	62.67	91.59	
320.00	124.74	56.08	62.00	91.00	
321.00	121.79	57.10	60.63	88.99	
322.00	119.30	58.76	60.82	89.26	
323.00	117.61	58.90	60.74	89.15	
324.00	118.37	59.74	60.60	88.94	
325.00	118.53	62.31	60.00	89.00	
326.00	116.82	64.44	59.37	88.06	
327.00	115.04	65.29	59.67	88.51	
328.00	117.65	65.22	59.95	88.93	
329.00	121.95	65.10	60.06	89.09	
330.00	124.60	66.68	60.00	89.00	
331.00	125.21	69.04	59.96	88.95	
332.00	125.73	69.96	59.93	88.90	
333.00	128.38	69.49	59.96	88.94	
334.00	132.54	68.68	60.00	89.01	
335.00	137.51	69.58	60.00	90.00	
336.00	142.54	71.54	60.34	90.51	
337.00	147.32	73.30	60.53	90.79	
338.00	150.73	73.00	60.82	91.23	
339.00	153.02	70.36	60.97	91.46	
340.00	155.00	66.18	61.00	92.00	
341.00	154.19	61.16	61.65	92.98	
342.00	152.81	57.15	61.61	92.92	
343.00	153.61	53.79	61.87	93.31	
344.00	154.46	52.18	61.98	93.48	
345.00	153.24	55.51	61.00	92.00	
346.00	152.82	61.54	61.94	93.41	
347.00	154.94	71.64	62.35	94.04	
348.00	157.73	82.20	62.52	94.30	
349.00	163.03	90.86	62.64	94.47	
350.00	168.87	98.12	62.00	94.00	
351.00	175.32	103.25	62.60	94.91	
352.00	178.29	106.42	62.37	94.56	
353.00	180.03	107.49	63.00	95.52	
354.00	183.10	106.99	64.18	97.30	
355.00	186.33	104.92	68.00	102.00	
356.00	187.31	104.01	70.42	105.63	
357.00	187.31	104.01	70.42	105.63	
358.00	183.08	103.06	69.42	104.12	
359.00	181.76	100.85	68.38	102.57	
360.00	182.16	95.05	66.00	98.00	
361.00	179.28	90.31	64.69	96.05	
362.00	174.90	84.88	64.26	95.41	
363.00	169.40	79.98	63.48	94.26	
364.00	163.93	76.72	62.75	93.18	
365.00	161.09	75.68	62.00	92.00	
366.00	158.09	77.32	59.71	88.60	
367.00	155.66	78.12	59.63	88.48	
368.00	154.20	79.18	59.16	87.79	
369.00	153.74	82.14	58.55	86.88	
370.00	154.31	85.58	58.00	86.00	
371.00	153.11	87.97	55.27	81.96	
372.00	152.60	89.05	54.96	81.49	
373.00	151.03	88.35	54.53	80.86	
374.00	151.00	85.74	54.04	80.13	
375.00	151.16	82.95	54.00	80.00	
376.00	150.74	81.58	51.56	76.38	
377.00	151.86	81.26	51.29	75.99	
378.00	151.31	80.55	50.89	75.40	
379.00	151.84	79.32	50.64	75.03	
380.00	157.19	76.55	51.00	74.00	
381.00	160.40	76.25	49.33	71.57	
382.00	168.46	78.60	49.56	71.92	
383.00	172.75	83.12	49.58	71.94	
384.00	178.03	87.27	49.66	72.05	
385.00	184.24	89.65	49.80	72.25	
386.00	189.56	91.76	49.73	72.16	
387.00	193.61	91.47	49.61	71.98	
388.00	197.44	89.85	49.49	71.81	
389.00	199.81	87.74	49.44	71.74	
390.00	200.39	85.04	49.03	71.14	
391.00	198.52	82.20	48.49	70.36	
392.00	196.45	80.65	47.93	69.55	
393.00	195.36	79.88	47.17	68.45	
394.00	194.88	79.47	46.44	67.38	
395.00	194.81	80.55	45.86	66.54	
396.00	193.59	82.46	45.05	65.37	
397.00	192.66	84.18	44.34	64.33	
398.00	191.22	85.21	43.84	63.61	
399.00	189.56	86.36	43.26	62.78	
400.00	187.95	87.25	42.75	62.03	
401.00	185.02	88.20	42.08	61.06	
402.00	181.29	87.88	41.64	60.42	
403.00	179.22	85.77	41.08	59.60	
404.00	179.21	81.94	42.00	60.00	
405.00	177.95	79.78	41.00	59.00	
406.00	178.64	78.58	39.16	56.35	
407.00	179.27	79.74	39.48	56.81	
408.00	179.67	82.43	39.25	56.49	
409.00	179.91	85.33	38.95	56.05	
410.00	180.38	89.07	38.00	54.00	
411.00	180.42	91.39	36.80	52.30	
412.00	180.56	93.35	37.05	52.66	
413.00	179.22	94.07	37.32	53.03	
414.00	179.22	94.07	37.32	53.03	
415.00	179.22	94.07	37.32	53.03	
416.00	175.71	73.33	37.04	52.64	
417.00	175.71	73.33	37.04	52.64	
418.00	175.71	73.33	37.04	52.64	
419.00	175.71	73.33	37.04	52.64	
420.00	183.27	68.41	38.27	54.38	
421.00	172.81	50.25	42.00	60.00	
422.00	174.46	52.13	42.29	60.41	
423.00	173.70	53.08	42.31	60.45	
424.00	172.88	54.46	42.24	60.35	
425.00	171.02	55.80	42.00	60.00	
426.00	168.44	56.70	42.06	60.09	
427.00	165.72	55.78	42.24	60.34	
428.00	161.21	54.96	42.16	60.23	
429.00	156.45	53.34	42.05	60.07	
430.00	154.46	51.52	42.00	59.00	
431.00	153.25	50.74	41.82	58.74	
432.00	153.07	48.77	41.53	58.34	
433.00	153.07	48.77	41.53	58.34	
434.00	133.82	38.74	41.16	57.82	
435.00	138.78	42.36	40.99	57.58	
436.00	148.87	49.88	40.68	57.15	
437.00	159.07	56.10	40.66	57.11	
438.00	148.76	63.93	40.63	57.08	
439.00	125.26	60.05	40.96	57.54	
440.00	98.82	45.65	41.42	58.19	
441.00	79.07	37.29	42.05	59.08	
442.00	79.07	37.29	42.05	59.08	
443.00	79.07	37.29	42.05	59.08	
444.00	83.79	22.13	43.22	60.72	
445.00	83.79	22.13	43.22	60.72	
446.00	83.79	22.13	43.22	60.72	
447.00	83.79	22.13	43.22	60.72	
448.00	83.79	22.13	43.22	60.72	
449.00	83.79	22.13	43.22	60.72	
450.00	83.79	22.13	43.22	60.72	
451.00	86.05	-8.30	44.71	62.81	
452.00	84.33	-9.31	45.08	63.33	
453.00	81.39	-7.77	45.51	63.92	
454.00	81.39	-7.77	45.51	63.92	
455.00	83.62	-3.33	46.56	65.41	
456.00	83.11	-3.98	47.19	66.29	
457.00	84.97	-4.18	47.70	67.01	
458.00	91.48	-3.61	48.19	67.70	
459.00	91.48	-3.61	48.19	67.70	
460.00	91.48	-3.61	48.19	67.70	
461.00	91.48	-3.61	48.19	67.70	
462.00	68.64	14.30	50.01	70.25	
463.00	59.25	17.20	51.10	71.78	
464.00	65.43	16.35	51.95	72.97	
465.00	73.93	13.35	52.71	74.04	
466.00	80.35	9.81	53.63	75.33	
467.00	82.71	5.13	54.74	76.90	
468.00	84.72	-0.42	55.66	78.19	
469.00	86.13	-1.74	56.38	79.21	
470.00	93.08	-1.08	56.85	79.86	
471.00	96.49	-1.18	57.51	80.78	
472.00	104.12	0.61	57.69	81.04	
473.00	109.28	1.09	57.98	81.44	
474.00	111.14	-1.21	58.63	82.36	
475.00	114.22	0.87	58.74	82.51	
476.00	115.52	0.82	59.08	82.99	
477.00	117.56	1.59	58.85	82.67	
478.00	116.08	1.37	58.98	82.86	
479.00	115.35	2.10	58.75	82.53	
480.00	109.37	-0.45	59.21	83.17	
481.00	103.75	-0.56	59.77	83.96	
482.00	101.60	0.65	60.00	84.29	
483.00	100.57	5.99	60.01	84.31	
484.00	99.85	10.13	59.97	84.24	
485.00	99.15	11.42	60.00	84.28	
486.00	97.46	11.41	60.25	84.64	
487.00	98.85	9.94	60.23	84.61	
488.00	101.28	12.28	60.13	84.48	
489.00	104.22	9.91	60.21	84.58	
490.00	104.91	6.74	60.49	84.98	
491.00	104.36	6.36	60.35	84.78	
492.00	103.13	1.99	60.51	85.00	
493.00	99.26	-3.47	61.06	85.77	
494.00	95.03	-4.48	61.68	86.64	
495.00	92.78	-3.40	62.30	87.51	
496.00	90.36	2.31	62.17	87.34	
497.00	88.73	5.63	62.21	87.39	
498.00	90.90	1.62	62.47	87.75	
499.00	86.87	3.74	62.57	87.89	
500.00	88.42	-2.33	63.35	88.99	
501.00	81.59	-4.34	64.02	89.93	
502.00	80.13	-4.32	64.66	90.82	
503.00	79.40	-3.87	65.26	91.67	
504.00	78.98	-3.05	65.77	92.39	
505.00	81.08	-5.61	66.86	93.92	
506.00	74.45	-5.44	67.62	94.99	
507.00	66.75	-6.22	68.58	96.34	
508.00	55.58	-5.29	69.34	97.41	
509.00	43.77	-6.46	70.70	99.31	
510.00	32.61	-6.08	71.87	100.96	
511.00	27.96	-7.01	73.59	103.37	
512.00	26.43	-6.98	74.64	104.85	
513.00	24.61	-7.41	75.64	106.25	
514.00	22.31	-7.85	76.69	107.74	
515.00	37.36	-0.95	75.92	106.65	
516.00	27.00	-5.08	76.64	107.65	
517.00	34.23	-4.37	76.60	107.60	
518.00	19.30	-6.35	77.73	109.20	
519.00	3.97	-9.67	79.90	112.25	
520.00	-6.69	-9.22	81.26	114.15	
521.00	10.21	-4.85	81.38	114.32	
522.00	12.84	-1.20	81.36	114.29	
523.00	5.17	-0.40	81.72	114.79	
524.00	-0.15	1.09	81.81	114.93	
525.00	-3.01	1.45	81.89	115.03	
526.00	-2.96	0.29	82.10	115.33	
527.00	-3.07	-0.22	82.13	115.37	
528.00	20.92	14.37	82.34	115.66	
529.00	36.90	19.37	82.25	115.54	
530.00	63.48	36.04	81.65	114.70	
531.00	63.48	36.04	81.65	114.70	
532.00	63.48	36.04	81.65	114.70	
533.00	63.48	36.04	81.65	114.70	
534.00	63.48	36.04	81.65	114.70	
535.00	26.80	34.15	80.57	113.18	
536.00	26.80	34.15	80.57	113.18	
537.00	26.80	34.15	80.57	113.18	
538.00	26.80	34.15	80.57	113.18	
539.00	26.80	34.15	80.57	113.18	
540.00	26.80	34.15	80.57	113.18	
541.00	26.80	34.15	80.57	113.18	
542.00	26.80	34.15	80.57	113.18	
543.00	-3.56	22.18	78.36	110.08	
544.00	1.99	35.07	78.90	110.84	
545.00	1.99	35.07	78.90	110.84	
546.00	1.99	35.07	78.90	110.84	
547.00	1.99	35.07	78.90	110.84	
548.00	1.99	35.07	78.90	110.84	
549.00	1.99	35.07	78.90	110.84	
550.00	1.99	35.07	78.90	110.84	
551.00	1.99	35.07	78.90	110.84	
552.00	1.99	35.07	78.90	110.84	
553.00	1.99	35.07	78.90	110.84	
554.00	1.99	35.07	78.90	110.84	
555.00	1.99	35.07	78.90	110.84	
556.00	1.99	35.07	78.90	110.84	
557.00	1.99	35.07	78.90	110.84	
558.00	1.99	35.07	78.90	110.84	
559.00	1.99	35.07	78.90	110.84	
560.00	1.99	35.07	78.90	110.84	
561.00	1.99	35.07	78.90	110.84	
562.00	1.99	35.07	78.90	110.84	
563.00	1.99	35.07	78.90	110.84	
564.00	1.99	35.07	78.90	110.84	
565.00	1.99	35.07	78.90	110.84	
566.00	1.99	35.07	78.90	110.84	
567.00	1.99	35.07	78.90	110.84	
568.00	1.99	35.07	78.90	110.84	
569.00	1.99	35.07	78.90	110.84	
