1.00	212.00	120.00	21.00	95.00	
2.00	210.64	118.76	20.99	94.94	
3.00	208.63	117.39	20.98	94.92	
4.00	207.06	116.17	20.94	94.75	
5.00	205.96	115.10	21.00	94.00	
6.00	205.51	114.20	20.96	93.82	
7.00	205.36	112.89	21.03	94.14	
8.00	206.04	111.59	21.08	94.36	
9.00	207.38	111.17	21.05	94.21	
10.00	209.16	110.96	21.00	92.00	
11.00	210.21	109.98	20.92	91.64	
12.00	212.53	109.43	20.79	91.10	
13.00	215.95	109.52	20.68	90.60	
14.00	217.85	110.46	20.63	90.40	
15.00	216.97	110.20	21.00	91.00	
16.00	216.21	110.64	20.77	90.00	
17.00	215.46	110.47	20.76	89.97	
18.00	214.77	109.22	20.85	90.35	
19.00	213.34	108.05	21.01	91.05	
20.00	212.08	107.05	22.00	94.00	
21.00	212.32	105.77	22.30	95.28	
22.00	213.48	104.30	22.35	95.52	
23.00	214.34	103.49	22.40	95.72	
24.00	215.12	102.93	22.36	95.53	
25.00	216.02	102.80	22.00	95.00	
26.00	216.92	103.17	22.12	95.53	
27.00	217.06	103.23	22.04	95.15	
28.00	216.74	102.75	21.97	94.88	
29.00	216.71	102.00	21.83	94.26	
30.00	217.39	100.79	22.00	92.00	
31.00	217.33	99.52	21.88	91.51	
32.00	218.04	98.82	21.91	91.62	
33.00	218.84	98.69	22.01	92.06	
34.00	219.98	99.28	22.04	92.15	
35.00	220.37	99.15	23.00	93.00	
36.00	220.07	99.07	22.96	92.84	
37.00	220.10	99.57	22.89	92.56	
38.00	220.02	99.57	22.84	92.36	
39.00	220.22	99.23	22.80	92.21	
40.00	220.30	97.96	22.85	92.38	
41.00	220.72	98.27	22.83	92.31	
42.00	220.11	100.97	23.00	92.98	
43.00	219.57	103.62	23.12	93.48	
44.00	220.83	106.12	23.26	94.07	
45.00	221.89	108.88	23.33	94.33	
46.00	221.89	108.88	23.33	94.33	
47.00	219.23	112.21	24.15	97.67	
48.00	219.36	113.64	23.85	96.45	
49.00	219.23	114.72	23.41	94.67	
50.00	218.53	113.91	23.09	93.38	
51.00	216.28	112.83	22.75	92.00	
52.00	212.57	112.38	22.32	90.24	
53.00	206.78	114.35	21.89	88.49	
54.00	201.12	113.49	21.67	87.63	
55.00	198.57	110.89	21.61	87.38	
56.00	198.23	110.09	21.56	87.18	
57.00	197.78	108.81	21.52	87.00	
58.00	195.85	107.20	21.51	86.99	
59.00	196.68	106.60	21.31	86.15	
60.00	197.63	108.08	20.96	84.73	
61.00	198.66	108.15	20.84	84.27	
62.00	198.41	108.47	20.72	83.76	
63.00	201.12	111.66	20.58	83.23	
64.00	202.60	113.33	20.51	82.92	
65.00	203.09	114.87	20.45	82.69	
66.00	201.46	114.59	20.40	82.50	
67.00	198.71	113.91	20.36	82.32	
68.00	199.76	114.18	20.36	82.31	
69.00	202.28	114.23	20.39	82.43	
70.00	207.10	116.29	20.44	82.63	
71.00	210.76	114.13	20.61	83.34	
72.00	210.76	114.13	20.61	83.34	
73.00	221.32	108.80	20.74	83.88	
74.00	210.85	108.75	20.61	83.35	
75.00	204.31	107.97	20.51	82.92	
76.00	203.51	108.33	20.42	82.57	
77.00	201.78	108.41	20.40	82.48	
78.00	199.00	110.23	20.40	82.49	
79.00	194.94	111.26	20.38	82.42	
80.00	193.77	107.09	20.37	82.36	
81.00	193.70	98.37	20.45	82.68	
82.00	195.56	89.39	20.60	83.28	
83.00	196.38	80.71	20.85	84.31	
84.00	196.38	80.71	20.85	84.31	
85.00	196.38	80.71	20.85	84.31	
86.00	196.38	80.71	20.85	84.31	
87.00	196.38	80.71	20.85	84.31	
88.00	196.38	80.71	20.85	84.31	
89.00	196.38	80.71	20.85	84.31	
90.00	196.38	80.71	20.85	84.31	
91.00	196.38	80.71	20.85	84.31	
92.00	196.38	80.71	20.85	84.31	
93.00	205.63	98.83	20.81	84.16	
94.00	207.36	101.78	20.42	82.56	
95.00	207.88	103.56	20.13	81.39	
96.00	210.78	106.31	19.84	80.23	
97.00	215.25	108.70	19.56	79.10	
98.00	213.38	114.47	19.15	77.43	
99.00	212.28	120.52	18.63	75.35	
100.00	211.58	124.73	18.26	73.83	
101.00	194.61	84.83	18.21	73.63	
102.00	188.93	69.10	18.48	74.73	
103.00	191.45	71.30	18.63	75.33	
104.00	193.37	73.83	18.73	75.75	
105.00	172.38	40.91	19.00	74.00	
106.00	174.27	41.49	18.71	72.88	
107.00	176.44	41.15	18.89	73.59	
108.00	179.50	40.11	19.00	74.00	
109.00	183.60	36.93	19.25	74.98	
110.00	187.74	34.58	19.36	75.42	
111.00	191.81	32.44	19.54	76.11	
112.00	195.70	30.86	19.47	75.84	
113.00	198.83	29.00	19.54	76.12	
114.00	201.75	27.21	19.82	77.19	
115.00	205.22	27.04	19.78	77.02	
116.00	208.39	27.02	19.77	76.99	
117.00	212.29	27.38	19.91	77.53	
118.00	216.37	26.08	20.41	79.48	
119.00	220.30	26.91	20.61	80.25	
120.00	224.46	28.87	20.40	79.45	
121.00	228.41	30.44	20.24	78.82	
122.00	232.19	31.34	20.33	79.19	
123.00	236.37	33.90	19.93	77.62	
124.00	240.56	34.61	19.97	77.78	
125.00	245.61	35.62	20.11	78.32	
126.00	251.53	37.26	19.90	77.49	
127.00	255.67	39.19	19.62	76.43	
128.00	260.24	40.02	19.66	76.55	
129.00	265.03	40.06	19.84	77.28	
130.00	269.54	41.15	20.00	77.91	
131.00	274.61	42.31	20.15	78.48	
132.00	279.64	43.25	20.16	78.50	
133.00	284.37	43.45	20.39	79.41	
134.00	289.04	45.26	20.25	78.87	
135.00	293.53	45.46	20.39	79.43	
136.00	298.06	45.45	20.57	80.13	
137.00	302.18	46.61	21.00	80.00	
138.00	306.65	47.39	21.76	82.90	
139.00	311.33	46.51	21.65	82.49	
140.00	316.12	45.06	22.00	83.00	
141.00	320.13	44.79	22.36	84.36	
142.00	324.40	44.37	22.22	83.84	
143.00	328.49	43.34	22.15	83.58	
144.00	331.93	42.44	22.10	83.36	
145.00	332.01	44.39	22.23	83.86	
146.00	330.30	39.79	22.24	83.90	
147.00	330.30	39.79	22.24	83.90	
148.00	325.52	29.61	22.21	83.80	
149.00	327.27	25.79	22.29	84.09	
150.00	328.83	23.49	22.31	84.17	
151.00	328.94	22.17	22.36	84.35	
152.00	329.46	21.66	22.38	84.43	
153.00	329.09	24.41	22.34	84.29	
154.00	329.09	24.41	22.34	84.29	
155.00	329.09	24.41	22.34	84.29	
156.00	326.90	27.40	22.18	83.70	
157.00	326.90	27.40	22.18	83.70	
158.00	326.23	27.25	22.17	83.65	
159.00	327.98	27.12	22.15	83.58	
160.00	329.83	32.07	22.09	83.34	
161.00	329.83	32.07	22.09	83.34	
162.00	329.83	32.07	22.09	83.34	
163.00	329.83	32.07	22.09	83.34	
164.00	320.39	70.81	22.05	83.20	
165.00	303.86	60.62	22.04	83.16	
166.00	294.39	53.02	22.03	83.12	
167.00	287.53	49.24	22.03	83.11	
168.00	287.53	49.24	22.03	83.11	
169.00	287.53	49.24	22.03	83.11	
170.00	287.53	49.24	22.03	83.11	
171.00	287.53	49.24	22.03	83.11	
172.00	287.53	49.24	22.03	83.11	
173.00	287.53	49.24	22.03	83.11	
174.00	292.02	59.96	21.93	82.73	
175.00	295.37	68.29	21.89	82.59	
176.00	295.37	68.29	21.89	82.59	
177.00	295.37	68.29	21.89	82.59	
178.00	295.37	68.29	21.89	82.59	
179.00	295.37	68.29	21.89	82.59	
180.00	295.37	68.29	21.89	82.59	
181.00	315.05	75.00	21.79	82.20	
182.00	317.81	75.09	21.78	82.16	
183.00	321.00	64.40	21.67	81.77	
184.00	325.85	58.00	21.64	81.66	
185.00	330.10	52.37	21.61	81.53	
186.00	332.17	58.53	21.55	81.29	
187.00	334.26	50.17	21.53	81.24	
188.00	321.98	27.98	21.53	81.24	
189.00	334.00	40.03	21.40	80.72	
190.00	329.97	34.97	21.40	80.72	
191.00	338.00	34.24	21.38	80.67	
192.00	309.97	60.97	21.38	80.67	
193.00	341.15	27.94	21.38	80.65	
194.00	314.97	60.97	21.38	80.65	
195.00	339.12	21.85	21.36	80.58	
196.00	302.97	62.97	21.36	80.58	
197.00	302.97	62.97	21.36	80.58	
198.00	326.53	64.99	21.30	80.36	
199.00	317.02	60.55	21.28	80.28	
200.00	317.02	60.55	21.28	80.28	
201.00	311.52	58.64	21.26	80.20	
202.00	309.48	60.64	21.26	80.20	
203.00	308.94	64.83	21.25	80.19	
204.00	307.04	67.00	21.25	80.19	
205.00	305.69	69.74	21.25	80.19	
206.00	304.28	72.67	21.25	80.18	
207.00	302.86	75.44	21.25	80.18	
208.00	301.26	77.90	21.25	80.18	
209.00	304.78	83.31	21.25	80.17	
210.00	309.62	88.52	21.25	80.15	
211.00	309.62	88.52	21.25	80.15	
212.00	309.62	88.52	21.25	80.15	
213.00	309.62	88.52	21.25	80.15	
214.00	316.57	79.65	21.24	80.12	
215.00	316.57	79.65	21.24	80.12	
216.00	316.57	79.65	21.24	80.12	
217.00	316.57	79.65	21.24	80.12	
218.00	318.44	77.43	21.23	80.09	
219.00	318.73	78.02	21.23	80.09	
220.00	318.73	78.02	21.23	80.09	
221.00	318.73	78.02	21.23	80.09	
222.00	321.18	78.12	21.23	80.08	
223.00	321.61	78.55	21.23	80.08	
224.00	324.29	76.83	21.22	80.07	
225.00	324.99	76.97	21.22	80.07	
226.00	325.73	77.05	21.22	80.06	
227.00	326.34	77.31	21.22	80.06	
228.00	326.95	77.54	21.22	80.06	
229.00	328.18	72.72	21.22	80.05	
230.00	328.89	72.13	21.22	80.05	
231.00	329.70	61.35	21.21	80.03	
232.00	330.72	55.51	21.21	80.02	
233.00	330.72	55.51	21.21	80.02	
234.00	330.72	55.51	21.21	80.02	
235.00	332.69	51.63	21.21	80.02	
236.00	333.16	49.77	21.21	80.01	
237.00	330.96	25.96	21.21	80.01	
238.00	330.96	25.96	21.21	80.01	
239.00	330.96	25.96	21.21	80.01	
240.00	330.96	25.96	21.21	80.01	
241.00	330.31	35.62	21.12	79.67	
242.00	330.64	33.72	21.07	79.49	
243.00	330.64	33.72	21.07	79.49	
244.00	330.64	33.72	21.07	79.49	
245.00	330.64	33.72	21.07	79.49	
246.00	328.47	33.26	21.05	79.43	
247.00	324.15	45.84	20.98	79.14	
248.00	324.15	45.84	20.98	79.14	
249.00	324.15	45.84	20.98	79.14	
250.00	324.15	45.84	20.98	79.14	
251.00	324.15	45.84	20.98	79.14	
252.00	324.15	45.84	20.98	79.14	
253.00	324.15	45.84	20.98	79.14	
254.00	324.15	45.84	20.98	79.14	
255.00	324.15	45.84	20.98	79.14	
256.00	324.15	45.84	20.98	79.14	
257.00	280.27	17.02	20.91	78.90	
258.00	280.27	17.02	20.91	78.90	
259.00	280.27	17.02	20.91	78.90	
260.00	280.27	17.02	20.91	78.90	
261.00	280.27	17.02	20.91	78.90	
262.00	280.27	17.02	20.91	78.90	
263.00	280.27	17.02	20.91	78.90	
264.00	280.27	17.02	20.91	78.90	
265.00	280.27	17.02	20.91	78.90	
266.00	320.57	5.78	20.85	78.66	
267.00	323.79	6.19	20.82	78.53	
268.00	325.84	5.06	20.81	78.52	
269.00	327.89	3.96	20.81	78.51	
270.00	329.95	3.08	20.81	78.50	
271.00	329.95	3.08	20.81	78.50	
272.00	333.98	0.89	20.81	78.50	
273.00	315.95	28.95	20.81	78.50	
274.00	315.95	28.95	20.81	78.50	
275.00	315.95	28.95	20.81	78.50	
276.00	315.95	28.95	20.81	78.50	
277.00	315.95	28.95	20.81	78.50	
278.00	315.95	28.95	20.81	78.50	
279.00	315.95	28.95	20.81	78.50	
280.00	337.96	-3.08	20.80	78.47	
281.00	321.95	26.95	20.80	78.47	
282.00	333.35	-1.19	20.79	78.45	
283.00	333.35	-1.19	20.79	78.45	
284.00	333.35	-1.19	20.79	78.45	
285.00	321.56	5.79	20.78	78.38	
286.00	317.27	10.63	20.71	78.13	
287.00	316.73	11.37	20.69	78.06	
288.00	318.18	12.15	20.63	77.84	
289.00	318.18	12.15	20.63	77.84	
290.00	318.18	12.15	20.63	77.84	
291.00	318.18	12.15	20.63	77.84	
292.00	318.82	13.57	20.60	77.71	
293.00	318.82	13.57	20.60	77.71	
294.00	318.82	13.57	20.60	77.71	
295.00	318.82	13.57	20.60	77.71	
296.00	318.82	13.57	20.60	77.71	
297.00	318.82	13.57	20.60	77.71	
298.00	318.82	13.57	20.60	77.71	
299.00	318.82	13.57	20.60	77.71	
300.00	321.38	15.78	20.59	77.67	
301.00	321.61	16.06	20.59	77.67	
302.00	321.61	16.06	20.59	77.67	
303.00	324.36	15.46	20.58	77.65	
304.00	324.36	15.46	20.58	77.65	
305.00	324.36	15.46	20.58	77.65	
306.00	326.20	15.65	20.58	77.64	
307.00	326.20	15.65	20.58	77.64	
308.00	326.20	15.65	20.58	77.64	
309.00	326.20	15.65	20.58	77.64	
310.00	326.20	15.65	20.58	77.64	
311.00	326.20	15.65	20.58	77.64	
312.00	328.96	9.97	20.45	77.16	
313.00	329.47	9.68	20.45	77.14	
314.00	330.36	9.33	20.43	77.08	
315.00	331.43	9.27	20.40	76.98	
316.00	332.01	9.05	20.40	76.95	
317.00	332.60	8.83	20.40	76.95	
318.00	325.69	9.39	20.38	76.88	
319.00	313.67	10.36	20.33	76.70	
320.00	310.39	10.49	20.32	76.66	
321.00	301.98	12.08	19.96	75.32	
322.00	301.26	12.29	19.68	74.23	
323.00	301.26	12.29	19.68	74.23	
324.00	298.16	12.44	19.62	74.00	
325.00	296.57	12.54	19.61	73.97	
326.00	299.96	11.93	19.54	73.74	
327.00	299.96	11.93	19.54	73.74	
328.00	299.96	11.93	19.54	73.74	
329.00	308.36	11.87	19.40	73.21	
330.00	318.00	11.21	19.20	72.43	
331.00	323.78	11.11	18.98	71.62	
332.00	327.47	11.03	18.95	71.51	
333.00	327.47	11.03	18.95	71.51	
334.00	327.47	11.03	18.95	71.51	
335.00	327.47	11.03	18.95	71.51	
336.00	327.47	11.03	18.95	71.51	
337.00	324.24	21.50	18.86	71.15	
338.00	324.09	23.41	18.86	71.14	
339.00	321.83	27.80	18.84	71.06	
340.00	321.94	29.92	18.83	71.05	
341.00	322.20	32.09	18.83	71.05	
342.00	322.20	32.09	18.83	71.05	
343.00	302.23	32.55	18.69	70.51	
344.00	300.96	32.78	18.43	69.52	
345.00	300.96	32.78	18.43	69.52	
346.00	302.97	35.38	18.08	68.22	
347.00	302.39	35.44	17.98	67.82	
348.00	302.45	35.78	17.85	67.34	
349.00	303.56	35.66	17.53	66.13	
350.00	304.16	34.79	17.15	64.70	
351.00	305.78	36.70	16.95	63.95	
352.00	307.32	38.35	16.83	63.48	
353.00	308.82	39.83	16.76	63.23	
354.00	311.72	41.35	16.50	62.27	
355.00	314.79	42.09	16.27	61.37	
356.00	317.85	43.06	16.19	61.09	
357.00	321.36	43.11	16.11	60.79	
358.00	324.27	43.72	16.10	60.75	
359.00	328.92	43.60	15.98	60.28	
360.00	333.45	43.13	15.89	59.96	
361.00	336.80	43.37	15.86	59.82	
362.00	337.89	43.91	15.71	59.27	
363.00	323.71	63.71	15.71	59.27	
364.00	323.71	63.71	15.71	59.27	
365.00	323.71	63.71	15.71	59.27	
366.00	346.75	46.42	15.68	59.16	
